        57983.976351            17.315254             0.025660
        57984.974650            17.771986             0.032342
        57985.982575            18.053541             0.034897
        57986.975242            18.353304             0.030046
        57987.974538            18.833125             0.179805
        57988.974281            19.062411             0.306420
        57989.973353            19.439283             0.048664
        57990.973162            20.055238             0.069127
        57991.974218            20.776390             0.105559
        57992.974696            21.670435             0.206240
