        57983.969000            17.690000             0.020000
        57984.000000            17.951000             0.020000
        57984.969000            18.770000             0.040000
        57985.979000            19.280000             0.010000
        57986.020000            19.740000             0.020000
        57986.970000            20.238000             0.058000
        57986.989000            19.860000             0.010000
        57987.969000            20.390000             0.030000
        57988.020000            20.740000             0.030000
        57989.000000            21.268000             0.106000
        57990.989000            21.750000             0.050000
        57991.000000            22.501000             0.240000
        57991.989000            22.200000             0.040000
        57992.989000            22.450000             0.070000
        57993.010000            23.379000             0.277000
        57994.969000            23.120000             0.310000
