        57982.999000            18.620000             0.050000
        57983.029000            18.640000             0.060000
        57983.989000            17.770000             0.020000
        57984.979000            17.670000             0.030000
        57985.979000            17.540000             0.020000
        57986.979000            17.600000             0.020000
        57988.989000            17.840000             0.030000
        57989.979000            17.950000             0.040000
        57990.979000            18.250000             0.030000
        57991.979000            18.490000             0.050000
        57992.979000            18.740000             0.060000
        57994.989000            19.340000             0.080000
        57996.989000            20.020000             0.130000
