        57983.980400            17.743000             0.029000
        57983.981500            17.803000             0.025000
        57983.982600            17.809000             0.026000
        57983.990800            17.776000             0.021000
        57983.991800            17.793000             0.024000
        57983.992900            17.795000             0.025000
        57984.000900            17.743000             0.024000
        57984.002000            17.856000             0.028000
        57984.003100            17.847000             0.025000
        57984.011000            17.825000             0.033000
        57984.012100            17.772000             0.025000
        57984.013200            17.866000             0.032000
        57984.021200            17.831000             0.029000
        57984.022300            17.898000             0.031000
        57984.023300            17.880000             0.033000
