        57983.405000            17.200000             0.020000
        57983.741000            17.750000             0.020000
        57983.976000            17.980000             0.080000
        57984.365000            18.340000             0.110000
        57984.738000            18.920000             0.100000
        57984.741000            18.900000             0.110000
        57984.968000            19.100000             0.110000
        57985.357000            19.360000             0.090000
        57985.726000            19.750000             0.120000
        57986.715000            20.300000             0.310000
        57986.969000            20.250000             0.280000
        57987.358000            20.690000             0.330000
