        57983.699000            17.510000             0.030000
        57984.699000            17.690000             0.040000
        57985.699000            17.780000             0.050000
        57986.709000            18.130000             0.120000
        57987.709000            18.310000             0.060000
        57988.729000            18.360000             0.050000
        57988.729000            18.650000             0.190000
        57989.699000            18.950000             0.320000
        57989.699000            18.980000             0.080000
        57991.709000            18.870000                 -1.0
        57991.709000            19.320000             0.080000
        57993.699000            18.370000                 -1.0
