        57983.699000            17.910000             0.050000
        57984.699000            17.610000             0.040000
        57985.699000            17.550000             0.050000
        57986.709000            17.570000             0.070000
        57987.709000            17.680000             0.040000
        57988.729000            17.690000             0.030000
        57988.729000            18.010000             0.100000
        57989.699000            17.950000             0.040000
        57989.699000            18.020000             0.120000
        57991.709000            18.250000             0.210000
        57991.709000            18.340000             0.060000
        57993.699000            18.480000                 -1.0
        57993.699000            18.640000             0.120000
