        57983.003060            17.480131             0.025298
        57983.977715            17.784887             0.021517
        57984.976389            18.383425             0.031491
        57985.984272            18.725338             0.031573
        57986.980076            19.222715             0.026111
        57987.979363            19.552535             0.181830
        57989.981810            20.542116             0.050571
        57990.987655            20.723858             0.057474
        57991.999670            21.369510             0.056551
        57993.000021            22.383880             0.103005
