        57983.003741            17.590205             0.029122
        57983.977026            17.592974             0.021972
        57984.975690            18.181447             0.029941
        57985.983605            18.561384             0.033572
        57986.977667            18.808089             0.026951
        57987.976954            19.174724             0.105965
        57989.979392            19.886687             0.048332
        57990.982823            20.399201             0.057004
        57991.994441            21.188377             0.069712
        57992.986775            22.061229             0.128558
