        57983.972000            17.880000             0.100000
        57984.361000            18.070000             0.130000
        57984.745000            18.330000             0.120000
        57984.748000            18.260000             0.150000
        57984.975000            18.610000             0.150000
        57984.978000            18.460000             0.100000
        57985.002000            18.460000             0.100000
        57985.006000            18.450000             0.110000
        57985.364000            18.530000             0.130000
        57985.367000            18.620000             0.140000
        57985.391000            18.700000             0.180000
        57985.395000            18.630000             0.150000
        57985.733000            18.840000             0.200000
        57985.736000            18.760000             0.150000
