        57984.000000            17.654000             0.070000
        57986.020000            18.300000             0.020000
        57986.980000            18.730000             0.010000
        57987.000000            18.927000             0.027000
        57988.020000            19.160000             0.030000
        57988.980000            19.627000             0.039000
        57990.972000            20.280000             0.030000
        57990.990000            20.606000             0.092000
        57991.974000            20.850000             0.040000
        57991.991000            20.690000             0.110000
        57992.980000            22.014000             0.214000
        57993.980000            22.815000             0.471000
        57995.969000            22.300000             0.280000
        57996.980000            23.342000             0.368000
        58001.992000            23.370000             0.480000
