        57983.009000            17.880000             0.030000
        57983.039000            17.820000             0.030000
        57983.989000            17.450000             0.010000
        57984.989000            17.660000             0.020000
        57985.989000            17.860000             0.020000
        57986.989000            18.080000             0.030000
        57988.999000            18.740000             0.040000
        57989.989000            19.070000             0.080000
        57990.979000            19.690000             0.090000
        57991.979000            20.060000             0.140000
        57992.989000            20.940000             0.350000
        57993.989000            21.160000             0.400000
