        57983.699000            17.640000             0.040000
        57984.699000            17.520000             0.040000
        57985.699000            17.570000             0.040000
        57986.709000            17.770000             0.040000
        57987.709000            17.940000             0.050000
        57988.729000            18.120000             0.040000
        57988.729000            18.600000             0.180000
        57989.699000            18.510000             0.050000
        57989.699000            18.530000             0.170000
        57991.709000            18.830000             0.230000
        57991.709000            18.900000             0.090000
        57993.699000            18.430000                 -1.0
        57993.699000            19.530000             0.210000
