        57983.011000            17.490000             0.040000
        57983.382000            17.310000             0.040000
        57983.733000            17.950000             0.040000
        57983.968000            18.230000             0.040000
        57984.357000            18.690000             0.050000
        57984.758000            19.110000             0.060000
        57984.761000            19.110000             0.060000
        57984.988000            19.560000             0.070000
        57984.992000            19.480000             0.070000
        57985.016000            19.460000             0.060000
        57985.019000            19.360000             0.050000
        57985.377000            19.680000             0.050000
        57985.381000            19.610000             0.050000
        57985.405000            19.530000             0.070000
        57985.408000            19.560000             0.080000
        57985.746000            20.130000             0.130000
        57985.750000            19.990000             0.060000
        57986.992000            20.640000             0.090000
