        57983.977100            17.925000             0.022000
        57983.978200            17.966000             0.024000
        57983.979200            17.937000             0.024000
        57983.987400            17.946000             0.020000
        57983.988500            17.983000             0.024000
        57983.989500            17.987000             0.026000
        57983.997500            18.025000             0.026000
        57983.998600            18.017000             0.023000
        57983.999700            18.041000             0.022000
        57984.007700            18.008000             0.020000
        57984.008800            18.008000             0.023000
        57984.009900            18.069000             0.027000
        57984.017800            18.029000             0.024000
        57984.018900            18.053000             0.030000
        57984.020000            18.041000             0.022000
        57984.985000            18.780000             0.030000
        57984.985000            19.150000             0.060000
