        57983.968000            18.431000             0.057000
        57983.973700            18.507000             0.039000
        57983.974800            18.481000             0.037000
        57983.975900            18.615000             0.043000
        57983.984000            18.582000             0.031000
        57983.985100            18.547000             0.030000
        57983.986200            18.607000             0.038000
        57983.994200            18.653000             0.034000
        57983.995300            18.604000             0.038000
        57983.996300            18.632000             0.037000
        57984.004300            18.693000             0.036000
        57984.005400            18.666000             0.030000
        57984.006500            18.623000             0.036000
        57984.014500            18.683000             0.035000
        57984.015600            18.667000             0.038000
        57984.016600            18.568000             0.030000
