        57983.964000            18.220000             0.080000
        57983.968700            18.160000             0.050000
        57983.970100            18.130000             0.080000
        57984.010500            18.140000             0.040000
        57984.011800            18.160000             0.060000
        57984.012900            18.180000             0.040000
        57984.046100            18.250000             0.060000
        57984.047100            18.180000             0.100000
        57984.971400            19.400000             0.110000
        57985.016400            19.530000             0.120000
        57985.053700            19.590000             0.200000
        57985.968700            20.540000             0.200000
        57986.015600            20.550000             0.150000
        57986.053100            20.680000             0.310000
