                 0.0                  0.0
                 1.0       0.000239238935
                 2.0       0.000956942808
                 3.0       0.002152733649
                 4.0       0.003826331031
                 5.0       0.005977405112
                 6.0       0.008604742346
                 7.0       0.011681952647
                 8.0       0.015013671684
                 9.0       0.018479986495
                10.0       0.022030854041
                11.0       0.025637586743
                12.0       0.029281591834
                13.0       0.032951506778
                14.0       0.036637730153
                15.0        0.04033437797
                16.0       0.044035418456
                17.0       0.047737686884
                18.0       0.051436964996
                19.0       0.055131169783
                20.0       0.058815041951
                21.0       0.062490087352
                22.0       0.066151315978
                23.0        0.06979692052
                24.0       0.073428369552
                25.0       0.077041154278
                26.0       0.080633076467
                27.0       0.084203665549
                28.0       0.087752489329
                29.0       0.091277214728
                30.0       0.094777649584
                31.0       0.098249461721
                32.0       0.101695676782
                33.0       0.105109831068
                34.0       0.108495613424
                35.0       0.111851186677
                36.0       0.115173061708
                37.0       0.118462014592
                38.0       0.121713648507
                39.0       0.124930868736
                40.0       0.128111719366
                41.0       0.131252346155
                42.0       0.134357058705
                43.0       0.137419818861
                44.0       0.140442179542
                45.0       0.143424078171
                46.0       0.146360478401
                47.0       0.149254038278
                48.0       0.152104130633
                49.0       0.154905834609
                50.0       0.157664206246
                51.0       0.160373543521
                52.0       0.163034549662
                53.0       0.165645792102
                54.0       0.168208816073
                55.0        0.17071938976
                56.0        0.17317958819
                57.0       0.175587350919
                58.0       0.177942275401
                59.0       0.180243173122
                60.0       0.182488974747
                61.0       0.184681568052
                62.0       0.186816276708
                63.0       0.188895227364
                64.0        0.19091594299
                65.0        0.19288085471
                66.0       0.194787073702
                67.0       0.196633701112
                68.0       0.198420267047
                69.0       0.200148070569
                70.0       0.201814759376
                71.0       0.203420451979
                72.0       0.204962200163
                73.0       0.206445367369
                74.0       0.207863388286
                75.0       0.209220330957
                76.0       0.210513950355
                77.0       0.211741810206
                78.0       0.212906888911
                79.0       0.214005341292
                80.0       0.215040988595
                81.0       0.216011518255
                82.0       0.216916044659
                83.0       0.217753909161
                84.0       0.218527160353
                85.0       0.219234611769
                86.0       0.219871902601
                87.0       0.220446545324
                88.0        0.22095156225
                89.0       0.221390979934
                90.0       0.221764341251
