# 25 columns: angles [deg], flux factor slices 0, ..., 23
0.000000000000000000e+00 5.017825219460000374e-01 4.581488197679999819e-01 4.145155715209999925e-01 3.708824529029999817e-01 3.272490510519999729e-01 2.836160515500000256e-01 2.399828483879999919e-01 1.963495049650000046e-01 1.527162726000000081e-01 1.090831046669999971e-01 6.544982797199999647e-02 2.181661942600000154e-02 0.000000000000000000e+00 -0.000000000000000000e+00 -0.000000000000000000e+00 -0.000000000000000000e+00 -0.000000000000000000e+00 -0.000000000000000000e+00 -0.000000000000000000e+00 -0.000000000000000000e+00 -0.000000000000000000e+00 -0.000000000000000000e+00 -0.000000000000000000e+00 -0.000000000000000000e+00
1.000000000000000000e+00 5.017071246550000030e-01 4.580789301739999764e-01 4.144524141959999852e-01 3.708256284520000112e-01 3.272000437040000209e-01 2.835730476389999866e-01 2.399463150239999898e-01 1.963196064870000035e-01 1.526928455590000067e-01 1.090666414680000057e-01 6.543976211999999459e-02 2.205254961400000130e-02 2.392414270000000102e-04 -0.000000000000000000e+00 -0.000000000000000000e+00 -0.000000000000000000e+00 -0.000000000000000000e+00 -0.000000000000000000e+00 -0.000000000000000000e+00 -0.000000000000000000e+00 -0.000000000000000000e+00 -0.000000000000000000e+00 -0.000000000000000000e+00 -0.000000000000000000e+00
2.000000000000000000e+00 5.014767397120000192e-01 4.578699235099999987e-01 4.142632696129999736e-01 3.706564460589999999e-01 3.270500536100000022e-01 2.834431279919999991e-01 2.398370582459999900e-01 1.962298455879999959e-01 1.526234194290000123e-01 1.090165295400000040e-01 6.541010719600000300e-02 2.276021083799999872e-02 9.569141729999999660e-04 -0.000000000000000000e+00 -0.000000000000000000e+00 -0.000000000000000000e+00 -0.000000000000000000e+00 -0.000000000000000000e+00 -0.000000000000000000e+00 -0.000000000000000000e+00 -0.000000000000000000e+00 -0.000000000000000000e+00 -0.000000000000000000e+00 -0.000000000000000000e+00
3.000000000000000000e+00 5.010928539979999652e-01 4.575207897090000086e-01 4.139474553970000081e-01 3.703744962959999998e-01 3.268008652809999970e-01 2.832275695500000023e-01 2.396540560229999950e-01 1.960808232210000113e-01 1.525068591400000062e-01 1.089334774129999961e-01 6.536014663700000227e-02 2.393935523800000062e-02 2.152658897999999883e-03 -0.000000000000000000e+00 -0.000000000000000000e+00 -0.000000000000000000e+00 -0.000000000000000000e+00 -0.000000000000000000e+00 -0.000000000000000000e+00 -0.000000000000000000e+00 -0.000000000000000000e+00 -0.000000000000000000e+00 -0.000000000000000000e+00 -0.000000000000000000e+00
4.000000000000000000e+00 5.005590493139999708e-01 4.570327805259999931e-01 4.135063135509999821e-01 3.699791877929999862e-01 3.264522112470000237e-01 2.829252569260000127e-01 2.393985811390000051e-01 1.958714238539999986e-01 1.523445435059999908e-01 1.088174986170000053e-01 6.529043432299999616e-02 2.559011024900000042e-02 3.826387984000000075e-03 -0.000000000000000000e+00 -0.000000000000000000e+00 -0.000000000000000000e+00 -0.000000000000000000e+00 -0.000000000000000000e+00 -0.000000000000000000e+00 -0.000000000000000000e+00 -0.000000000000000000e+00 -0.000000000000000000e+00 -0.000000000000000000e+00 -0.000000000000000000e+00
5.000000000000000000e+00 4.998732289610000046e-01 4.564064684429999796e-01 4.129376274489999776e-01 3.694702987169999897e-01 3.260042274220000258e-01 2.825370723569999853e-01 2.390689653889999933e-01 1.956023287320000081e-01 1.521353833000000100e-01 1.086680267239999997e-01 6.520313892199999795e-02 2.770843881799999950e-02 5.974982210000000238e-03 2.328954999999999880e-06 -0.000000000000000000e+00 -0.000000000000000000e+00 -0.000000000000000000e+00 -0.000000000000000000e+00 -0.000000000000000000e+00 -0.000000000000000000e+00 -0.000000000000000000e+00 -0.000000000000000000e+00 -0.000000000000000000e+00 -0.000000000000000000e+00
6.000000000000000000e+00 4.990330533710000127e-01 4.556396561200000139e-01 4.122453958789999984e-01 3.688503991279999950e-01 3.254569514219999848e-01 2.820624849100000220e-01 2.386686572149999963e-01 1.952734899730000084e-01 1.518797514970000040e-01 1.084859339049999982e-01 6.524618354199999970e-02 3.014702068099999951e-02 8.449743508000000583e-03 1.551156210000000069e-04 -0.000000000000000000e+00 -0.000000000000000000e+00 -0.000000000000000000e+00 -0.000000000000000000e+00 -0.000000000000000000e+00 -0.000000000000000000e+00 -0.000000000000000000e+00 -0.000000000000000000e+00 -0.000000000000000000e+00 -0.000000000000000000e+00
7.000000000000000000e+00 4.980408418119999792e-01 4.547351465589999919e-01 4.114261190140000024e-01 3.681182706119999759e-01 3.248101899549999949e-01 2.815024267540000014e-01 2.381940840189999964e-01 1.948857464169999887e-01 1.515781198620000103e-01 1.082692670429999948e-01 6.560601889400000108e-02 3.271763767199999812e-02 1.106423077199999994e-02 6.443448160000000285e-04 -0.000000000000000000e+00 -0.000000000000000000e+00 -0.000000000000000000e+00 -0.000000000000000000e+00 -0.000000000000000000e+00 -0.000000000000000000e+00 -0.000000000000000000e+00 -0.000000000000000000e+00 -0.000000000000000000e+00 -0.000000000000000000e+00
8.000000000000000000e+00 4.968966632039999998e-01 4.536906734550000264e-01 4.104815079999999949e-01 3.672736677580000220e-01 3.240648368599999829e-01 2.808550501370000174e-01 2.376471243559999946e-01 1.944382055140000121e-01 1.512304360919999868e-01 1.080210921810000058e-01 6.634530954499999467e-02 3.535936368599999768e-02 1.375475095699999969e-02 1.532213280999999896e-03 -0.000000000000000000e+00 -0.000000000000000000e+00 -0.000000000000000000e+00 -0.000000000000000000e+00 -0.000000000000000000e+00 -0.000000000000000000e+00 -0.000000000000000000e+00 -0.000000000000000000e+00 -0.000000000000000000e+00 -0.000000000000000000e+00
9.000000000000000000e+00 4.956037540609999903e-01 4.525092584939999774e-01 4.094112128829999753e-01 3.663163680120000154e-01 3.232202162319999794e-01 2.801241542060000089e-01 2.370278435929999983e-01 1.939316145280000070e-01 1.508365066469999904e-01 1.077406841730000064e-01 6.749155919600000053e-02 3.803947953700000106e-02 1.649147631700000061e-02 2.847572645000000062e-03 -0.000000000000000000e+00 -0.000000000000000000e+00 -0.000000000000000000e+00 -0.000000000000000000e+00 -0.000000000000000000e+00 -0.000000000000000000e+00 -0.000000000000000000e+00 -0.000000000000000000e+00 -0.000000000000000000e+00 -0.000000000000000000e+00
1.000000000000000000e+01 4.941612397569999926e-01 4.511884692140000208e-01 4.082180308580000139e-01 3.652477155409999954e-01 3.222782735540000165e-01 2.793066320750000053e-01 2.363369233540000003e-01 1.933665894880000069e-01 1.503959680070000027e-01 1.074335915830000043e-01 6.905469125900000338e-02 4.074299454400000242e-02 1.925753726400000060e-02 4.598669187999999790e-03 7.603749999999999832e-06 -0.000000000000000000e+00 -0.000000000000000000e+00 -0.000000000000000000e+00 -0.000000000000000000e+00 -0.000000000000000000e+00 -0.000000000000000000e+00 -0.000000000000000000e+00 -0.000000000000000000e+00 -0.000000000000000000e+00
1.100000000000000000e+01 4.925622137410000101e-01 4.497324940719999997e-01 4.068998542310000022e-01 3.640677167049999885e-01 3.212371260469999990e-01 2.784042873009999752e-01 2.355741286570000037e-01 1.927420068690000043e-01 1.499110775199999912e-01 1.072414141400000048e-01 7.090167391899999949e-02 4.345800362899999991e-02 2.204213223599999980e-02 6.655190206000000108e-03 1.623633850000000105e-04 -0.000000000000000000e+00 -0.000000000000000000e+00 -0.000000000000000000e+00 -0.000000000000000000e+00 -0.000000000000000000e+00 -0.000000000000000000e+00 -0.000000000000000000e+00 -0.000000000000000000e+00 -0.000000000000000000e+00
1.200000000000000000e+01 4.908168028120000193e-01 4.481382572939999753e-01 4.054575596159999962e-01 3.627778725620000033e-01 3.200978301699999862e-01 2.774189141019999805e-01 2.347386396130000108e-01 1.920592118560000006e-01 1.493788029110000026e-01 1.072965425680000029e-01 7.290977009599999836e-02 4.617807494500000137e-02 2.483862176699999993e-02 8.889869562000000253e-03 5.971770809999999525e-04 -0.000000000000000000e+00 -0.000000000000000000e+00 -0.000000000000000000e+00 -0.000000000000000000e+00 -0.000000000000000000e+00 -0.000000000000000000e+00 -0.000000000000000000e+00 -0.000000000000000000e+00 -0.000000000000000000e+00
1.300000000000000000e+01 4.889189278409999950e-01 4.464065107180000269e-01 4.038926346889999963e-01 3.613763046380000232e-01 3.188625356470000116e-01 2.763469488249999939e-01 2.338329581409999969e-01 1.913174332450000015e-01 1.488026539250000002e-01 1.076584275949999947e-01 7.501946891900000691e-02 4.889909043400000183e-02 2.764089454400000048e-02 1.124711600699999925e-02 1.371191993000000055e-03 -0.000000000000000000e+00 -0.000000000000000000e+00 -0.000000000000000000e+00 -0.000000000000000000e+00 -0.000000000000000000e+00 -0.000000000000000000e+00 -0.000000000000000000e+00 -0.000000000000000000e+00 -0.000000000000000000e+00
1.400000000000000000e+01 4.868760342310000100e-01 4.445400428340000043e-01 4.022019183750000226e-01 3.598664852819999926e-01 3.175278912160000022e-01 2.751911811389999851e-01 2.328541023729999992e-01 1.905171552180000005e-01 1.481799015009999942e-01 1.083628323050000036e-01 7.719998738000000138e-02 5.161476724999999877e-02 3.044604859299999966e-02 1.369357447199999987e-02 2.519763641999999988e-03 -0.000000000000000000e+00 -0.000000000000000000e+00 -0.000000000000000000e+00 -0.000000000000000000e+00 -0.000000000000000000e+00 -0.000000000000000000e+00 -0.000000000000000000e+00 -0.000000000000000000e+00 -0.000000000000000000e+00
1.500000000000000000e+01 4.846818124269999806e-01 4.425366343070000208e-01 4.003915541959999769e-01 3.582452676410000092e-01 3.160985169960000007e-01 2.739523474989999929e-01 2.318054876779999940e-01 1.896592228779999945e-01 1.475241834000000085e-01 1.094204413449999941e-01 7.942714168700000521e-02 5.432330131500000270e-02 3.325012255499999736e-02 1.620735878200000105e-02 4.054370350999999748e-03 1.159966999999999968e-05 -0.000000000000000000e+00 -0.000000000000000000e+00 -0.000000000000000000e+00 -0.000000000000000000e+00 -0.000000000000000000e+00 -0.000000000000000000e+00 -0.000000000000000000e+00 -0.000000000000000000e+00
1.600000000000000000e+01 4.823455276460000274e-01 4.404021272709999768e-01 3.984575722379999907e-01 3.565143173840000235e-01 3.145723421789999863e-01 2.726282520189999836e-01 2.306858832710000085e-01 1.887429171660000016e-01 1.469632197069999924e-01 1.107202135339999949e-01 8.168700571400000499e-02 5.702237483199999735e-02 3.605177005600000012e-02 1.877221460299999950e-02 5.862987856999999671e-03 1.631317790000000117e-04 -0.000000000000000000e+00 -0.000000000000000000e+00 -0.000000000000000000e+00 -0.000000000000000000e+00 -0.000000000000000000e+00 -0.000000000000000000e+00 -0.000000000000000000e+00 -0.000000000000000000e+00
1.700000000000000000e+01 4.798599094959999922e-01 4.381303745080000200e-01 3.964035774279999758e-01 3.546766921189999922e-01 3.129500105979999836e-01 2.712243711599999774e-01 2.294971304979999960e-01 1.877696699239999878e-01 1.466043018969999945e-01 1.121677839169999968e-01 8.396791445500000062e-02 5.971047388600000255e-02 3.884742835899999969e-02 2.137736527700000166e-02 7.851426575000000629e-03 5.602632790000000498e-04 -0.000000000000000000e+00 -0.000000000000000000e+00 -0.000000000000000000e+00 -0.000000000000000000e+00 -0.000000000000000000e+00 -0.000000000000000000e+00 -0.000000000000000000e+00 -0.000000000000000000e+00
1.800000000000000000e+01 4.772217340109999872e-01 4.357261046370000113e-01 3.942271789449999786e-01 3.527302254999999942e-01 3.112326798269999806e-01 2.697353701179999730e-01 2.282379705029999872e-01 1.867404022570000044e-01 1.464983641769999900e-01 1.137181441400000048e-01 8.625958472200000171e-02 6.238519280000000278e-02 4.163618758999999836e-02 2.401289440499999872e-02 9.973675947000000541e-03 1.256974433999999896e-03 -0.000000000000000000e+00 -0.000000000000000000e+00 -0.000000000000000000e+00 -0.000000000000000000e+00 -0.000000000000000000e+00 -0.000000000000000000e+00 -0.000000000000000000e+00 -0.000000000000000000e+00
1.900000000000000000e+01 4.744463207799999860e-01 4.331883958889999886e-01 3.919329241739999969e-01 3.506763107479999864e-01 3.094199381170000263e-01 2.681633070330000090e-01 2.269085861840000051e-01 1.856524783780000021e-01 1.466844413349999987e-01 1.153407351499999983e-01 8.855706851500000365e-02 6.504463527400000666e-02 4.441663277099999751e-02 2.667233689499999907e-02 1.220060036499999966e-02 2.288779308999999967e-03 -0.000000000000000000e+00 -0.000000000000000000e+00 -0.000000000000000000e+00 -0.000000000000000000e+00 -0.000000000000000000e+00 -0.000000000000000000e+00 -0.000000000000000000e+00 -0.000000000000000000e+00
2.000000000000000000e+01 4.715231971930000099e-01 4.305195421790000143e-01 3.895174725050000175e-01 3.485156672840000192e-01 3.075133175620000103e-01 2.665104129909999786e-01 2.255097293259999969e-01 1.845185698690000042e-01 1.471772257800000039e-01 1.170161274499999932e-01 9.085364845099999642e-02 6.768805539199999888e-02 4.718740093099999672e-02 2.935035895900000094e-02 1.451158897399999932e-02 3.670708948000000072e-03 1.025265900000000046e-05 -0.000000000000000000e+00 -0.000000000000000000e+00 -0.000000000000000000e+00 -0.000000000000000000e+00 -0.000000000000000000e+00 -0.000000000000000000e+00 -0.000000000000000000e+00
2.100000000000000000e+01 4.684526386019999822e-01 4.277200782350000230e-01 3.869827720039999974e-01 3.462473157839999760e-01 3.055120865520000173e-01 2.647792002959999946e-01 2.240429939430000073e-01 1.834501049629999880e-01 1.478829306159999968e-01 1.187285208489999994e-01 9.314424677600000035e-02 7.031364865700000244e-02 4.994565295700000018e-02 3.204216490299999914e-02 1.689067886800000098e-02 5.309935085999999659e-03 1.424587509999999913e-04 -0.000000000000000000e+00 -0.000000000000000000e+00 -0.000000000000000000e+00 -0.000000000000000000e+00 -0.000000000000000000e+00 -0.000000000000000000e+00 -0.000000000000000000e+00
2.200000000000000000e+01 4.652448449370000239e-01 4.247875707409999868e-01 3.843313986560000228e-01 3.438762969779999845e-01 3.034208337620000195e-01 2.629641011869999767e-01 2.225090398579999962e-01 1.825427425829999895e-01 1.487235262569999994e-01 1.204664802179999938e-01 9.542739182600000480e-02 7.292073645900000456e-02 5.269236555299999791e-02 3.474302832900000304e-02 1.932596018899999935e-02 7.126971289999999883e-03 4.906513469999999573e-04 -0.000000000000000000e+00 -0.000000000000000000e+00 -0.000000000000000000e+00 -0.000000000000000000e+00 -0.000000000000000000e+00 -0.000000000000000000e+00 -0.000000000000000000e+00
2.300000000000000000e+01 4.618952599410000026e-01 4.217293660959999801e-01 3.815639395400000078e-01 3.414002336999999998e-01 3.012351025519999781e-01 2.610703534809999948e-01 2.209057478510000061e-01 1.818451582470000105e-01 1.496586193710000012e-01 1.222184885030000029e-01 9.769802218699999430e-02 7.550737713100000303e-02 5.542528070299999887e-02 3.745074376199999944e-02 2.180756624499999990e-02 9.081998536999999136e-03 1.105450040000000066e-03 -0.000000000000000000e+00 -0.000000000000000000e+00 -0.000000000000000000e+00 -0.000000000000000000e+00 -0.000000000000000000e+00 -0.000000000000000000e+00 -0.000000000000000000e+00
2.400000000000000000e+01 4.584002397110000238e-01 4.185395194329999957e-01 3.786783410519999893e-01 3.388192820550000040e-01 2.989576361869999976e-01 2.590967410339999888e-01 2.192334681650000006e-01 1.813971225580000013e-01 1.506611863410000085e-01 1.239790555760000024e-01 9.995287468900000694e-02 7.807366517399999539e-02 5.814249001999999972e-02 4.016140508100000256e-02 2.432744640500000138e-02 1.114860445900000066e-02 2.022145233999999864e-03 -0.000000000000000000e+00 -0.000000000000000000e+00 -0.000000000000000000e+00 -0.000000000000000000e+00 -0.000000000000000000e+00 -0.000000000000000000e+00 -0.000000000000000000e+00
2.500000000000000000e+01 4.547692699329999866e-01 4.152239477240000087e-01 3.756775427569999937e-01 3.361331397690000000e-01 2.965885038669999751e-01 2.570439084009999986e-01 2.175019262089999961e-01 1.812163790619999992e-01 1.517162137439999892e-01 1.257414235279999959e-01 1.021908300580000040e-01 8.061696250500000049e-02 6.084541366900000220e-02 4.287243010599999654e-02 2.687927169899999996e-02 1.330787127800000039e-02 3.262572304000000128e-03 3.851688999999999809e-06 -0.000000000000000000e+00 -0.000000000000000000e+00 -0.000000000000000000e+00 -0.000000000000000000e+00 -0.000000000000000000e+00 -0.000000000000000000e+00
2.600000000000000000e+01 4.509997187970000154e-01 4.117819242879999786e-01 3.725640174620000189e-01 3.333475619090000008e-01 2.941305771680000070e-01 2.549124453309999927e-01 2.157914547750000023e-01 1.812395646599999910e-01 1.528047705099999931e-01 1.275012767629999932e-01 1.044084925309999995e-01 8.313803000699999945e-02 6.352958164399999386e-02 4.558327809900000055e-02 2.945743597800000099e-02 1.554534610499999983e-02 4.761785216999999716e-03 9.706546900000000285e-05 -0.000000000000000000e+00 -0.000000000000000000e+00 -0.000000000000000000e+00 -0.000000000000000000e+00 -0.000000000000000000e+00 -0.000000000000000000e+00
2.700000000000000000e+01 4.470891266790000262e-01 4.082123210690000170e-01 3.693361597789999728e-01 3.304590187129999856e-01 2.915822807069999856e-01 2.527027162020000217e-01 2.141985156360000087e-01 1.813888145529999885e-01 1.539203114640000092e-01 1.292504942540000090e-01 1.066052105790000065e-01 8.563530309899999859e-02 6.619665707600000393e-02 4.828931698999999744e-02 3.205684099299999784e-02 1.784811535499999935e-02 6.441593370000000054e-03 3.738856000000000037e-04 -0.000000000000000000e+00 -0.000000000000000000e+00 -0.000000000000000000e+00 -0.000000000000000000e+00 -0.000000000000000000e+00 -0.000000000000000000e+00
2.800000000000000000e+01 4.430483958670000111e-01 4.045208365299999831e-01 3.659961589990000097e-01 3.274688416170000171e-01 2.889433272590000157e-01 2.504187424470000201e-01 2.127755024230000014e-01 1.816302943189999908e-01 1.550493794460000019e-01 1.309885681350000108e-01 1.087778629989999968e-01 8.810792579399999436e-02 6.884453687000000044e-02 5.099028487400000115e-02 3.467343817900000319e-02 2.020820693299999957e-02 8.264075795999999488e-03 8.848055039999999476e-04 -0.000000000000000000e+00 -0.000000000000000000e+00 -0.000000000000000000e+00 -0.000000000000000000e+00 -0.000000000000000000e+00 -0.000000000000000000e+00
2.900000000000000000e+01 4.388682048859999796e-01 4.007057099060000183e-01 3.625434747260000146e-01 3.243819616509999726e-01 2.862190402790000254e-01 2.480562070900000082e-01 2.115582483339999986e-01 1.819360136310000098e-01 1.561847151109999887e-01 1.327109135840000009e-01 1.109275527270000006e-01 9.055353746899999501e-02 7.147367696299999906e-02 5.368393494300000013e-02 3.730459248299999864e-02 2.261598895299999842e-02 1.020439628399999986e-02 1.665254703999999916e-03 -0.000000000000000000e+00 -0.000000000000000000e+00 -0.000000000000000000e+00 -0.000000000000000000e+00 -0.000000000000000000e+00 -0.000000000000000000e+00
3.000000000000000000e+01 4.345539616090000057e-01 3.967686274430000104e-01 3.589797127020000200e-01 3.211931610050000052e-01 2.834060952449999893e-01 2.456186853000000003e-01 2.105726375960000063e-01 1.822877073049999908e-01 1.573212521260000107e-01 1.344148778900000063e-01 1.130491835889999991e-01 9.297369739600000460e-02 7.408042874600000161e-02 5.636881164700000002e-02 3.994638661100000099e-02 2.506591137499999955e-02 1.224412138900000079e-02 2.741956437999999805e-03 -0.000000000000000000e+00 -0.000000000000000000e+00 -0.000000000000000000e+00 -0.000000000000000000e+00 -0.000000000000000000e+00 -0.000000000000000000e+00
3.100000000000000000e+01 4.301083603290000168e-01 3.927109049909999761e-01 3.553098053270000167e-01 3.179089383759999832e-01 2.805084996150000176e-01 2.431464077999999918e-01 2.098025774850000025e-01 1.826740861249999959e-01 1.584538918819999864e-01 1.360981416819999901e-01 1.151443068489999971e-01 9.536668196200000225e-02 7.666623100800000479e-02 5.904340993999999954e-02 4.259576066399999722e-02 2.755086275300000151e-02 1.436947135399999943e-02 4.097084061999999721e-03 3.935493800000000223e-05 -0.000000000000000000e+00 -0.000000000000000000e+00 -0.000000000000000000e+00 -0.000000000000000000e+00 -0.000000000000000000e+00
3.200000000000000000e+01 4.255343582539999892e-01 3.885315459179999875e-01 3.515291424809999787e-01 3.145279853760000188e-01 2.775222716579999749e-01 2.407391094040000068e-01 2.091632919059999984e-01 1.830818500470000054e-01 1.595776803910000097e-01 1.377576705930000089e-01 1.172098084379999960e-01 9.773076613400000223e-02 7.922865303199999598e-02 6.170633867400000111e-02 4.524951524899999827e-02 3.006670284599999993e-02 1.656840390300000007e-02 5.645941290000000383e-03 2.194361409999999967e-04 -0.000000000000000000e+00 -0.000000000000000000e+00 -0.000000000000000000e+00 -0.000000000000000000e+00 -0.000000000000000000e+00
3.300000000000000000e+01 4.208280622119999759e-01 3.842364418290000194e-01 3.476415531979999973e-01 3.110482896419999865e-01 2.744543859799999930e-01 2.384566996040000109e-01 2.086139446159999966e-01 1.835045749929999914e-01 1.606880979399999965e-01 1.393912007929999919e-01 1.192466178889999978e-01 1.000666182720000019e-01 8.176887560100000452e-02 6.435583274700000522e-02 4.790602839000000085e-02 3.260879833299999697e-02 1.883203340700000117e-02 7.347249291999999841e-03 5.962092880000000386e-04 -0.000000000000000000e+00 -0.000000000000000000e+00 -0.000000000000000000e+00 -0.000000000000000000e+00 -0.000000000000000000e+00
3.400000000000000000e+01 4.159973803559999794e-01 3.798220668319999827e-01 3.436497759850000167e-01 3.074746968190000262e-01 2.713012977220000121e-01 2.363346455249999978e-01 2.081301286380000115e-01 1.839325013810000076e-01 1.617809938610000053e-01 1.409976124710000112e-01 1.212513008910000023e-01 1.023718667329999998e-01 8.428612023300000033e-02 6.699135120799999676e-02 5.056356447600000165e-02 3.517316508400000069e-02 2.115198051499999829e-02 9.174969571999999282e-03 1.207073812999999917e-03 -0.000000000000000000e+00 -0.000000000000000000e+00 -0.000000000000000000e+00 -0.000000000000000000e+00 -0.000000000000000000e+00
3.500000000000000000e+01 4.110336188129999901e-01 3.752939439610000205e-01 3.395512467139999990e-01 3.038101178000000013e-01 2.680668747569999733e-01 2.344043124830000047e-01 2.076929169339999937e-01 1.843616869330000074e-01 1.628536599790000039e-01 1.425745120770000041e-01 1.232248773810000059e-01 1.046475797869999974e-01 8.677592161500000123e-02 6.961148738700000116e-02 5.321885387999999995e-02 3.775651002600000083e-02 2.352119495899999968e-02 1.111040543799999940e-02 2.080592129999999946e-03 -0.000000000000000000e+00 -0.000000000000000000e+00 -0.000000000000000000e+00 -0.000000000000000000e+00 -0.000000000000000000e+00
3.600000000000000000e+01 4.059498106869999789e-01 3.706503637770000026e-01 3.353502457779999890e-01 3.000496890639999803e-01 2.647513066989999886e-01 2.326876152189999991e-01 2.072890001259999893e-01 1.847855258889999908e-01 1.639059974540000020e-01 1.441213440989999872e-01 1.251632106230000097e-01 1.068911194409999932e-01 8.924105326499999491e-02 7.221361795000000305e-02 5.587157012599999750e-02 4.035505027900000014e-02 2.593461455799999857e-02 1.313998649799999995e-02 3.237287377999999941e-03 1.981817000000000070e-06 -0.000000000000000000e+00 -0.000000000000000000e+00 -0.000000000000000000e+00 -0.000000000000000000e+00
3.700000000000000000e+01 4.007390859580000075e-01 3.658931137109999732e-01 3.310474320690000027e-01 2.961993628829999725e-01 2.614217096379999883e-01 2.311379630979999988e-01 2.069099758429999991e-01 1.851994237250000064e-01 1.649302086689999891e-01 1.456354122519999961e-01 1.270691766060000061e-01 1.091034494909999958e-01 9.167919200900000176e-02 7.479891163000000620e-02 5.851979226500000214e-02 4.296634500200000040e-02 2.838653182600000061e-02 1.525108976399999934e-02 4.631839220999999993e-03 6.982229700000000246e-05 -0.000000000000000000e+00 -0.000000000000000000e+00 -0.000000000000000000e+00 -0.000000000000000000e+00
3.800000000000000000e+01 3.954091185370000039e-01 3.610270409329999763e-01 3.266416103759999801e-01 2.922585654939999777e-01 2.581616284800000161e-01 2.296914851179999995e-01 2.065434950349999965e-01 1.855973654839999931e-01 1.659290684420000050e-01 1.471172863640000106e-01 1.289407279449999999e-01 1.112825429929999999e-01 9.409057382400000391e-02 7.736610886700000245e-02 6.115873856199999931e-02 4.558729585000000084e-02 3.087167321299999836e-02 1.743490064699999842e-02 6.198963763000000030e-03 2.837454379999999996e-04 -0.000000000000000000e+00 -0.000000000000000000e+00 -0.000000000000000000e+00 -0.000000000000000000e+00
3.900000000000000000e+01 3.899592801339999970e-01 3.560497517269999856e-01 3.221397016040000172e-01 2.882302638370000114e-01 2.550090229790000218e-01 2.283178031270000075e-01 2.061844200909999925e-01 1.859789766000000122e-01 1.668982993610000076e-01 1.485638203019999937e-01 1.307756434110000088e-01 1.134274845219999939e-01 9.647310816300000424e-02 7.991229855100000223e-02 6.379102246899999440e-02 4.821562489899999804e-02 3.338690337099999711e-02 1.968324211199999965e-02 7.908048739999999632e-03 6.881044239999999697e-04 -0.000000000000000000e+00 -0.000000000000000000e+00 -0.000000000000000000e+00 -0.000000000000000000e+00
4.000000000000000000e+01 3.843883245420000039e-01 3.509647729070000111e-01 3.175375776200000111e-01 2.841138365709999780e-01 2.520034888150000096e-01 2.270001926640000112e-01 2.058262615839999976e-01 1.863408045599999896e-01 1.678367674119999875e-01 1.499745752130000054e-01 1.325755257750000082e-01 1.155394266939999970e-01 9.882759195300000465e-02 8.243800657899999496e-02 6.641242033199999673e-02 5.085021051300000344e-02 3.592808130200000200e-02 2.198884310299999839e-02 9.737411221999999617e-03 1.314824697000000061e-03 -0.000000000000000000e+00 -0.000000000000000000e+00 -0.000000000000000000e+00 -0.000000000000000000e+00
4.100000000000000000e+01 3.786987380219999921e-01 3.457706374269999827e-01 3.128385007150000230e-01 2.799074490490000011e-01 2.491669449380000123e-01 2.257187061960000130e-01 2.054646414340000060e-01 1.866776014959999896e-01 1.687427144249999955e-01 1.513497377799999932e-01 1.343362141910000029e-01 1.176168596539999972e-01 1.011523146529999945e-01 8.494028178300000453e-02 6.902374950200000636e-02 5.348602755500000278e-02 3.849204148899999789e-02 2.434624238099999949e-02 1.167183651500000065e-02 2.188934041999999851e-03 -0.000000000000000000e+00 -0.000000000000000000e+00 -0.000000000000000000e+00 -0.000000000000000000e+00
4.200000000000000000e+01 3.728980521129999781e-01 3.404713834429999864e-01 3.080455945589999911e-01 2.756195427350000005e-01 2.465231439139999869e-01 2.244667673190000046e-01 2.050924004690000135e-01 1.869904222709999897e-01 1.696138275840000098e-01 1.526856426959999902e-01 1.360603393229999902e-01 1.196581504330000018e-01 1.034458643850000026e-01 8.742144265000000025e-02 7.162128896399999611e-02 5.612357342000000304e-02 4.107509880500000155e-02 2.674942712299999831e-02 1.369908506799999946e-02 3.330280925999999902e-03 5.017900000000000483e-07 -0.000000000000000000e+00 -0.000000000000000000e+00 -0.000000000000000000e+00
4.300000000000000000e+01 3.669786611890000216e-01 3.350688172199999815e-01 3.031585175009999800e-01 2.712945232519999861e-01 2.440438698060000133e-01 2.232338407530000124e-01 2.047063333759999992e-01 1.872757609750000107e-01 1.704504130639999948e-01 1.539842960820000106e-01 1.377456377899999862e-01 1.216639459479999935e-01 1.057086795909999988e-01 8.987924965999999349e-02 7.420558504599999994e-02 5.876025421899999657e-02 4.367463400999999773e-02 2.919459433299999990e-02 1.580895168799999889e-02 4.708840007999999695e-03 4.893275700000000256e-05 -0.000000000000000000e+00 -0.000000000000000000e+00 -0.000000000000000000e+00
4.400000000000000000e+01 3.609541435579999846e-01 3.295656172840000231e-01 2.981777789360000042e-01 2.670131104099999764e-01 2.416630007710000028e-01 2.220095213949999924e-01 2.043062537099999965e-01 1.875299613910000052e-01 1.712485238879999927e-01 1.552422668339999978e-01 1.393916074079999956e-01 1.236327896629999951e-01 1.079399622849999962e-01 9.231026127800000258e-02 7.677459727400000322e-02 6.139391541699999733e-02 4.628872213900000337e-02 3.167623796699999689e-02 1.799308949400000093e-02 6.261229931999999845e-03 2.225064219999999947e-04 -0.000000000000000000e+00 -0.000000000000000000e+00 -0.000000000000000000e+00
4.500000000000000000e+01 3.548111803780000240e-01 3.239609965429999794e-01 2.931057611149999742e-01 2.628161472259999965e-01 2.393561947020000080e-01 2.207906891049999931e-01 2.038840046419999885e-01 1.877537774430000084e-01 1.720107488909999871e-01 1.564597943699999882e-01 1.409974014600000047e-01 1.255641869080000028e-01 1.101385696480000065e-01 9.471700781700000127e-02 7.932706572999999317e-02 6.402366046999999338e-02 4.891376524399999870e-02 3.419137693999999700e-02 2.024405139399999831e-02 7.957205983999999718e-03 5.641019049999999738e-04 -0.000000000000000000e+00 -0.000000000000000000e+00 -0.000000000000000000e+00
4.600000000000000000e+01 3.485677458120000072e-01 3.182572314930000035e-01 2.879464686220000180e-01 2.587409400740000032e-01 2.371036037210000058e-01 2.195707298129999929e-01 2.034419345019999881e-01 1.879431836200000094e-01 1.727329476070000036e-01 1.576374544370000019e-01 1.425623573110000042e-01 1.274581098670000134e-01 1.123031847670000055e-01 9.709712428800000572e-02 8.186195877799999632e-02 6.664736262400000610e-02 5.154758757200000180e-02 3.673619279800000026e-02 2.255488043399999851e-02 9.777043246999999465e-03 1.104232144999999984e-03 -0.000000000000000000e+00 -0.000000000000000000e+00 -0.000000000000000000e+00
4.700000000000000000e+01 3.422140754129999740e-01 3.124567606099999950e-01 2.826990890859999994e-01 2.548087745209999810e-01 2.348898572620000125e-01 2.183474821910000030e-01 2.029754187249999953e-01 1.880978404120000058e-01 1.734158094079999990e-01 1.587715767089999952e-01 1.440866851410000093e-01 1.293133135150000002e-01 1.144345150809999989e-01 9.944983483699999793e-02 8.437830396300000091e-02 6.926298078699999472e-02 5.418886308000000346e-02 3.930698497599999924e-02 2.492069486600000106e-02 1.170573915600000084e-02 1.867017312999999946e-03 -0.000000000000000000e+00 -0.000000000000000000e+00 -0.000000000000000000e+00
4.800000000000000000e+01 3.357573410909999723e-01 3.065641003799999820e-01 2.773652304359999765e-01 2.510415506700000021e-01 2.327031172609999865e-01 2.171129644329999886e-01 2.024815336799999921e-01 1.882184326499999893e-01 1.740589622510000101e-01 1.598656493650000010e-01 1.455684006450000123e-01 1.311293959779999962e-01 1.165318977559999941e-01 1.017742233430000004e-01 8.687509756099999481e-02 7.187019049199999676e-02 5.683435067200000301e-02 4.190155404899999908e-02 2.733680613799999853e-02 1.373127580799999962e-02 2.872205439000000051e-03 -0.000000000000000000e+00 -0.000000000000000000e+00 -0.000000000000000000e+00
4.900000000000000000e+01 3.291968233979999936e-01 3.005726748740000231e-01 2.719480825889999953e-01 2.474532829109999943e-01 2.305402390010000135e-01 2.158660057740000027e-01 2.019600742369999924e-01 1.883018032600000113e-01 1.746584982309999923e-01 1.609159447250000097e-01 1.470084092489999938e-01 1.329055121730000066e-01 1.185930965839999962e-01 1.040704215610000066e-01 8.935079322300000515e-02 7.446723343000000161e-02 5.948424140900000073e-02 4.451584003799999995e-02 2.979785591699999833e-02 1.584488387799999967e-02 4.133350630999999692e-03 3.050165000000000128e-06 -0.000000000000000000e+00 -0.000000000000000000e+00
5.000000000000000000e+01 3.225397936089999806e-01 2.944923772849999954e-01 2.665121766360000199e-01 2.440063077559999904e-01 2.283890644640000078e-01 2.146055007240000034e-01 2.014070187520000110e-01 1.883452223719999929e-01 1.752179218849999887e-01 1.619221525569999875e-01 1.484059696570000086e-01 1.346416968730000108e-01 1.206184877219999979e-01 1.063352969050000013e-01 9.180522208999999934e-02 7.705299353099999415e-02 6.213433993300000041e-02 4.714892173000000131e-02 3.230044214100000199e-02 1.803727290999999899e-02 5.607726226000000341e-03 6.636771800000000078e-05 -0.000000000000000000e+00 -0.000000000000000000e+00
5.100000000000000000e+01 3.157838632009999924e-01 2.883231338450000236e-01 2.611148596749999773e-01 2.406504867410000081e-01 2.262460526529999905e-01 2.133256903269999949e-01 2.008229702400000094e-01 1.883508077119999957e-01 1.757328091250000002e-01 1.628833602549999982e-01 1.497605795939999929e-01 1.363370533130000006e-01 1.226076957830000008e-01 1.085707487369999974e-01 9.423566584999999718e-02 7.962569467100000242e-02 6.478414602300000547e-02 4.979798302200000304e-02 3.484048845900000052e-02 2.030242825599999981e-02 7.245950220999999684e-03 2.513508810000000143e-04 -0.000000000000000000e+00 -0.000000000000000000e+00
5.200000000000000000e+01 3.089279583349999747e-01 2.820644775269999793e-01 2.557941744250000204e-01 2.373604646449999911e-01 2.241075306729999883e-01 2.120251874330000008e-01 2.002076667669999976e-01 1.883169318069999876e-01 1.762065879849999961e-01 1.638015950239999907e-01 1.510695939829999890e-01 1.379919026750000000e-01 1.245607892369999942e-01 1.107744883370000016e-01 9.664324997499999792e-02 8.218317236699999861e-02 6.743168738499999426e-02 5.245958527100000324e-02 3.741453407900000028e-02 2.263338263699999839e-02 9.023470327999999138e-03 5.933100760000000178e-04 -0.000000000000000000e+00 -0.000000000000000000e+00
5.300000000000000000e+01 3.019776203399999748e-01 2.757206635780000137e-01 2.505814487510000244e-01 2.341274575779999922e-01 2.219679343179999931e-01 2.107034816899999996e-01 1.995577598430000044e-01 1.882414538780000091e-01 1.766334477829999972e-01 1.646739309570000032e-01 1.523350753759999954e-01 1.396040898010000031e-01 1.264755206950000099e-01 1.129470749520000011e-01 9.902677708200000040e-02 8.472666848599999523e-02 7.007552899600000273e-02 5.513164472899999974e-02 4.001963989800000343e-02 2.502470026999999847e-02 1.092340068800000050e-02 1.118594359999999961e-03 -0.000000000000000000e+00 -0.000000000000000000e+00
5.400000000000000000e+01 2.949389910469999987e-01 2.692920598279999744e-01 2.454943178439999985e-01 2.309316256520000110e-01 2.198248910689999946e-01 2.093582415380000061e-01 1.988721941649999880e-01 1.881241236189999944e-01 1.770167968770000044e-01 1.655005239250000038e-01 1.535576372269999990e-01 1.411740560199999939e-01 1.283508452840000091e-01 1.150859030340000005e-01 1.013842824700000034e-01 8.725275180100000583e-02 7.271395413099999983e-02 5.781291313399999909e-02 4.265229357400000115e-02 2.747164575100000117e-02 1.293257525900000024e-02 1.848546563000000092e-03 -0.000000000000000000e+00 -0.000000000000000000e+00
5.500000000000000000e+01 2.878091977389999889e-01 2.627826375330000186e-01 2.405559432530000041e-01 2.277692892460000118e-01 2.176734436290000130e-01 2.079869164850000063e-01 1.981501946020000071e-01 1.879680962389999876e-01 1.773552606519999963e-01 1.662827003460000119e-01 1.547313099269999881e-01 1.427015242419999996e-01 1.301877634970000086e-01 1.171917374369999959e-01 1.037142134560000012e-01 8.976042762199999692e-02 7.534520325200000368e-02 6.050124412999999951e-02 4.531067249899999733e-02 2.997126975000000138e-02 1.504086815799999914e-02 2.800510558999999913e-03 -0.000000000000000000e+00 -0.000000000000000000e+00
5.600000000000000000e+01 2.805917657559999778e-01 2.561942197809999877e-01 2.357851257259999944e-01 2.246338914119999919e-01 2.155120332909999936e-01 2.065875258940000070e-01 1.973927979389999976e-01 1.877661856629999904e-01 1.776482870670000047e-01 1.670152562070000013e-01 1.558626474149999996e-01 1.441856682350000085e-01 1.319859196500000054e-01 1.192633496570000007e-01 1.060175594740000032e-01 9.225094768500000098e-02 7.796863593699999984e-02 6.319559284100000063e-02 4.799121738699999723e-02 3.251692209600000327e-02 1.723926906700000081e-02 3.989713734999999865e-03 -0.000000000000000000e+00 -0.000000000000000000e+00
5.700000000000000000e+01 2.732888266199999805e-01 2.495309514999999867e-01 2.311840377699999893e-01 2.215179717319999964e-01 2.133397651729999900e-01 2.051604117730000121e-01 1.965969048629999938e-01 1.875214249780000064e-01 1.778950126889999872e-01 1.677036653629999929e-01 1.569460221729999938e-01 1.456264237219999924e-01 1.337430402910000093e-01 1.213003152510000043e-01 1.082918647660000011e-01 9.471912006900000403e-02 8.058238122399999370e-02 6.589275132199999552e-02 5.069186443899999922e-02 3.510649002599999791e-02 1.952009396400000013e-02 5.423485839999999704e-03 5.706082000000000233e-06 -0.000000000000000000e+00
5.800000000000000000e+01 2.659036977940000268e-01 2.428546673299999958e-01 2.267158823310000126e-01 2.184166770440000016e-01 2.111522082339999939e-01 2.037045636610000099e-01 1.957627062320000111e-01 1.872349420399999909e-01 1.780962169460000022e-01 1.683440252189999931e-01 1.579842427360000079e-01 1.470226911560000016e-01 1.354608915080000031e-01 1.233005551289999974e-01 1.105387686139999992e-01 9.716813205299999756e-02 8.318505792499999996e-02 6.859129974800000362e-02 5.341085146800000211e-02 3.773694280499999970e-02 2.187798607899999956e-02 7.056176887999999862e-03 7.386779199999999582e-05 -0.000000000000000000e+00
5.900000000000000000e+01 2.584384971979999945e-01 2.362163217690000094e-01 2.223396515480000057e-01 2.153255292160000112e-01 2.089502576339999917e-01 2.022176202360000119e-01 1.948906475609999966e-01 1.869027417549999903e-01 1.782502263000000087e-01 1.689371811270000134e-01 1.589750680420000117e-01 1.483741511639999899e-01 1.371374423460000047e-01 1.252658304029999892e-01 1.127551306209999965e-01 9.959503236699999984e-02 8.577520580899999914e-02 7.128988652600000420e-02 5.614539289199999700e-02 4.040380299799999769e-02 2.430618389499999976e-02 8.849081765000000807e-03 2.532401310000000267e-04 -0.000000000000000000e+00
6.000000000000000000e+01 2.508903176580000172e-01 2.296478275209999920e-01 2.180399821179999920e-01 2.122422679490000019e-01 2.067290105000000044e-01 2.007019006519999982e-01 1.939781186940000013e-01 1.865275334869999913e-01 1.783567600000000031e-01 1.694817806810000049e-01 1.599198318820000131e-01 1.496800151790000089e-01 1.387719972450000006e-01 1.271941174790000018e-01 1.149391852150000032e-01 1.019990207400000015e-01 8.835282653300000066e-02 7.398752546600000091e-02 5.889366340200000161e-02 4.310525807499999973e-02 2.680012851099999871e-02 1.078105117799999998e-02 5.733646540000000239e-04 -0.000000000000000000e+00
6.100000000000000000e+01 2.432680049120000132e-01 2.231718807320000053e-01 2.137984652069999936e-01 2.091627851149999995e-01 2.044902880339999895e-01 1.991537223769999920e-01 1.930266573320000012e-01 1.861081269169999886e-01 1.784168256689999954e-01 1.699777864579999909e-01 1.608164253859999948e-01 1.509414084010000101e-01 1.403643513220000083e-01 1.290841243470000066e-01 1.170939485179999934e-01 1.043786373749999996e-01 9.091548561499999959e-02 7.668087788300000096e-02 6.165281786900000255e-02 4.583700082799999770e-02 2.935515050400000145e-02 1.283845851700000061e-02 1.056673455000000077e-03 -0.000000000000000000e+00
6.200000000000000000e+01 2.355760811389999987e-01 2.168082697410000093e-01 2.096121200290000097e-01 2.060856958529999894e-01 2.022331282760000126e-01 1.975725756870000127e-01 1.920361645639999948e-01 1.856434234969999986e-01 1.784282622039999877e-01 1.704272823159999894e-01 1.616639149599999881e-01 1.521563885870000077e-01 1.419152801749999915e-01 1.309369033020000017e-01 1.192147495839999960e-01 1.067321080100000069e-01 9.346309350199999422e-02 7.937137968000000654e-02 6.442244674600000609e-02 4.859902926500000303e-02 3.196694749299999749e-02 1.500881801499999967e-02 1.721553578000000091e-03 -0.000000000000000000e+00
6.300000000000000000e+01 2.278037180980000131e-01 2.105794666390000125e-01 2.054676866740000052e-01 2.030088731559999971e-01 1.999537502710000136e-01 1.959601943110000077e-01 1.910042222439999882e-01 1.851331187880000118e-01 1.783933742130000000e-01 1.708281423140000088e-01 1.624634040440000038e-01 1.533265553919999913e-01 1.434214015480000104e-01 1.327510979419999904e-01 1.213045311409999966e-01 1.090623793300000005e-01 9.599133779700000368e-02 8.205503196699999446e-02 6.720006045899999669e-02 5.138627861899999760e-02 3.463160139100000118e-02 1.728246480500000154e-02 2.583331967999999944e-03 -0.000000000000000000e+00
6.400000000000000000e+01 2.199658840479999933e-01 2.044950345680000003e-01 2.013640152929999927e-01 1.999297708999999978e-01 1.976537143759999893e-01 1.943142080870000066e-01 1.899324399250000017e-01 1.845780454959999872e-01 1.783108428859999928e-01 1.711772617560000098e-01 1.632172288990000053e-01 1.544479475539999869e-01 1.448847059870000120e-01 1.345262057319999982e-01 1.233595101890000018e-01 1.113632444540000044e-01 9.850426541300000283e-02 8.473119673300000265e-02 6.998384172700000683e-02 5.419734041799999930e-02 3.734569885700000230e-02 1.965230297299999998e-02 3.655202425999999789e-03 -0.000000000000000000e+00
6.500000000000000000e+01 2.120601601290000027e-01 1.985703570079999924e-01 1.972941662200000112e-01 1.968477797390000006e-01 1.953323874089999967e-01 1.926329939070000052e-01 1.888193043510000002e-01 1.839778069299999874e-01 1.781793771200000098e-01 1.714805730889999991e-01 1.639207079780000131e-01 1.555246350489999929e-01 1.463046502060000031e-01 1.362599109700000088e-01 1.253801320880000014e-01 1.136390413549999978e-01 1.009961942700000059e-01 8.739865408399999369e-02 7.277224823200000026e-02 5.703075940499999913e-02 4.010642715900000072e-02 2.211149881800000133e-02 4.948618991999999620e-03 -0.000000000000000000e+00
6.600000000000000000e+01 2.040910939979999894e-01 1.928187511080000083e-01 1.932530377779999864e-01 1.937607720910000109e-01 1.929889368640000102e-01 1.909197285950000045e-01 1.876652832509999869e-01 1.833313130239999922e-01 1.780015322029999958e-01 1.717345351119999863e-01 1.645752289719999983e-01 1.565528487370000110e-01 1.476786180680000060e-01 1.379544108740000108e-01 1.273654206070000128e-01 1.158853950829999979e-01 1.034694030490000000e-01 9.005607569800000434e-02 7.556311881199999358e-02 5.988446335099999879e-02 4.291037426100000052e-02 2.465373597899999866e-02 6.473757783999999592e-03 -0.000000000000000000e+00
6.700000000000000000e+01 1.960677747869999932e-01 1.872461556580000130e-01 1.892373777080000041e-01 1.906694089759999877e-01 1.906222531010000054e-01 1.891732865909999950e-01 1.864719587329999873e-01 1.826401221329999880e-01 1.777728108680000085e-01 1.719375988490000062e-01 1.651810633299999886e-01 1.575329553840000008e-01 1.490091319319999941e-01 1.396081219489999914e-01 1.293153369049999946e-01 1.181019069550000022e-01 1.059209783160000029e-01 9.270270136199999789e-02 7.835618581299999552e-02 6.275519207999999405e-02 4.575475506599999825e-02 2.727368014400000096e-02 8.234243642999999196e-03 4.609472999999999972e-06
6.800000000000000000e+01 1.880305133780000026e-01 1.818179245650000109e-01 1.852481232969999947e-01 1.875726009189999932e-01 1.882306891809999994e-01 1.873917940950000083e-01 1.852370983420000006e-01 1.819047793859999984e-01 1.774974027110000074e-01 1.720937464029999864e-01 1.657389260840000100e-01 1.584666319240000121e-01 1.502946422420000094e-01 1.412206077300000029e-01 1.312284767530000062e-01 1.202892004320000041e-01 1.083505021610000063e-01 9.533687369200000150e-02 8.114777463399999724e-02 6.564192049299999443e-02 4.863579864800000180e-02 2.996746180099999976e-02 1.019286458999999964e-02 5.983490800000000056e-05
6.900000000000000000e+01 1.800261670659999980e-01 1.765022136849999923e-01 1.812785675980000122e-01 1.844653141840000010e-01 1.858172351269999911e-01 1.855773693070000008e-01 1.839601151180000060e-01 1.811212847539999948e-01 1.771744925800000092e-01 1.721966576979999941e-01 1.662452950820000053e-01 1.593528363379999868e-01 1.515337195079999866e-01 1.427906323570000136e-01 1.331050640439999933e-01 1.224448456329999962e-01 1.107558406729999972e-01 9.795835165999999816e-02 8.393877563300000677e-02 6.854160528500000127e-02 5.155239279900000055e-02 3.272974269900000288e-02 1.231563233700000079e-02 2.053181590000000033e-04
7.000000000000000000e+01 1.720843875929999878e-01 1.712817578949999975e-01 1.773295762229999961e-01 1.813522009970000015e-01 1.833792711580000123e-01 1.837296851590000113e-01 1.826435722159999997e-01 1.802928859509999870e-01 1.768012828109999934e-01 1.722524343899999866e-01 1.667028509479999976e-01 1.601876316040000137e-01 1.527276627620000049e-01 1.443183891070000113e-01 1.349420525900000001e-01 1.245690586170000030e-01 1.131382780499999990e-01 1.005641033659999961e-01 8.672712729900000639e-02 7.145430200600000337e-02 5.450324158199999769e-02 3.555733441899999736e-02 1.458629021900000045e-02 4.649445310000000051e-04
7.100000000000000000e+01 1.642213574049999902e-01 1.661492327209999897e-01 1.733987027170000028e-01 1.782294773139999899e-01 1.809191134739999984e-01 1.818473870120000113e-01 1.812856253700000086e-01 1.794189466899999974e-01 1.763814111600000012e-01 1.722578437199999979e-01 1.671111007259999948e-01 1.609759147690000003e-01 1.538740743760000085e-01 1.458029250020000112e-01 1.367440493310000116e-01 1.266618118729999909e-01 1.154940308950000022e-01 1.031545152100000057e-01 8.951045417399999815e-02 7.437684152000000048e-02 5.748187073399999708e-02 3.844650038499999867e-02 1.699007175600000114e-02 8.571683830000000450e-04
7.200000000000000000e+01 1.564546907780000051e-01 1.610952200940000134e-01 1.694864749580000107e-01 1.751010907989999921e-01 1.784343992680000046e-01 1.799306093249999905e-01 1.798864545620000033e-01 1.785014931230000101e-01 1.759116547750000092e-01 1.722132629179999874e-01 1.674689636349999955e-01 1.617154066890000019e-01 1.549742775040000020e-01 1.472437274439999944e-01 1.385052061110000066e-01 1.287195226760000089e-01 1.178249231860000051e-01 1.057273006699999962e-01 9.228824974299999762e-02 7.730834374900000250e-02 6.049174852199999675e-02 4.139306552600000022e-02 1.951802962699999977e-02 1.396908196999999954e-03
7.300000000000000000e+01 1.488027413040000080e-01 1.561121775269999901e-01 1.655891422100000121e-01 1.719615974100000000e-01 1.759256873270000077e-01 1.779798449470000044e-01 1.784472138410000130e-01 1.775370508119999968e-01 1.753948722399999993e-01 1.721194349450000105e-01 1.677759138880000056e-01 1.624055861129999889e-01 1.560268033030000057e-01 1.486408674149999887e-01 1.402265476379999931e-01 1.307452647979999993e-01 1.201298294380000048e-01 1.082821168490000069e-01 9.505926152099999915e-02 8.024771623099999363e-02 6.352672936400000081e-02 4.439583686200000018e-02 2.216197697299999991e-02 2.096474232000000021e-03
7.400000000000000000e+01 1.412769637869999984e-01 1.511962923140000026e-01 1.617068100079999959e-01 1.688156826409999978e-01 1.733946749389999875e-01 1.759972625900000087e-01 1.769668213070000051e-01 1.765280940919999875e-01 1.748288486089999982e-01 1.719756436369999919e-01 1.680346989050000017e-01 1.630465312830000069e-01 1.570325319520000096e-01 1.499935080850000046e-01 1.419080026489999979e-01 1.327349787479999987e-01 1.224061337159999957e-01 1.108188361759999963e-01 9.782141849599999828e-02 8.319195493299999522e-02 6.658580401399999404e-02 4.745035359699999872e-02 2.491411489199999926e-02 2.966225315999999890e-03
7.500000000000000000e+01 1.338853471279999874e-01 1.463455806660000080e-01 1.578386296389999999e-01 1.656590041459999885e-01 1.708398480970000077e-01 1.739804159399999939e-01 1.754457885500000092e-01 1.754729978740000029e-01 1.742168227360000043e-01 1.717827704010000123e-01 1.682416518669999916e-01 1.636373620909999937e-01 1.579914363920000009e-01 1.513021738099999958e-01 1.435487717239999905e-01 1.346910090020000117e-01 1.246552132940000057e-01 1.133348907930000066e-01 1.005757085999999939e-01 8.614137222800000160e-02 6.966671916800000475e-02 5.055362802599999705e-02 2.776888754499999903e-02 4.015639312999999717e-03
7.600000000000000000e+01 1.266448414739999861e-01 1.415567837039999888e-01 1.539847494630000035e-01 1.624936992909999933e-01 1.682608240410000122e-01 1.719308486380000112e-01 1.738872663920000006e-01 1.743746559090000037e-01 1.735549304629999956e-01 1.715380605990000085e-01 1.683993349779999982e-01 1.641797498889999984e-01 1.589003391719999991e-01 1.525639011440000081e-01 1.451487897500000068e-01 1.366085821430000069e-01 1.268725614589999995e-01 1.158306529249999994e-01 1.033188663379999983e-01 8.909239073600000447e-02 7.276904120400000398e-02 5.370496700099999798e-02 3.072069901300000100e-02 5.252652338000000400e-03
7.700000000000000000e+01 1.195616872000000025e-01 1.368255002809999898e-01 1.501452646579999883e-01 1.593206361810000082e-01 1.656602660419999873e-01 1.698489601139999972e-01 1.722876906689999876e-01 1.732303728079999938e-01 1.728446267110000101e-01 1.712462467950000011e-01 1.685068059790000017e-01 1.646706705529999981e-01 1.597636628419999982e-01 1.537825977570000113e-01 1.467071583450000050e-01 1.384922371810000108e-01 1.290616435040000121e-01 1.183039422659999951e-01 1.060492347650000000e-01 9.204448379099999800e-02 7.589101724400000581e-02 5.690015660699999922e-02 3.376434322500000001e-02 6.683736675999999918e-03
7.800000000000000000e+01 1.126434484030000016e-01 1.321518983609999975e-01 1.463213489469999962e-01 1.561391899060000088e-01 1.630371990370000079e-01 1.677344135459999941e-01 1.706495906159999909e-01 1.720430480139999996e-01 1.720888248820000022e-01 1.709027976599999943e-01 1.685625040279999931e-01 1.651111720469999877e-01 1.605757478410000105e-01 1.549540120690000022e-01 1.482230649890000085e-01 1.403374586170000049e-01 1.312199500450000056e-01 1.207536257699999976e-01 1.087665795080000053e-01 9.499854609499999714e-02 7.902933795300000341e-02 6.013748791600000143e-02 3.689638662900000116e-02 8.316302979000000234e-03
7.900000000000000000e+01 1.058970995070000060e-01 1.275320316190000081e-01 1.425090331069999994e-01 1.529507433379999892e-01 1.603927832669999887e-01 1.655885678390000004e-01 1.689721436559999956e-01 1.708105210529999862e-01 1.712844890859999969e-01 1.705114628169999980e-01 1.685679275180000103e-01 1.655033767359999908e-01 1.613408178430000006e-01 1.560784119599999964e-01 1.496965667990000082e-01 1.421440964969999943e-01 1.333449278119999970e-01 1.231805979510000038e-01 1.114717873609999965e-01 9.794971802400000149e-02 8.218287727100000162e-02 6.341557971800000637e-02 4.011389340799999953e-02 1.015349921399999987e-02
8.000000000000000000e+01 9.933383130499999492e-02 1.229681994830000014e-01 1.387130012879999874e-01 1.497534711990000100e-01 1.577265499030000018e-01 1.634114461779999916e-01 1.672556338710000090e-01 1.695338321840000051e-01 1.704314023259999866e-01 1.700686309849999966e-01 1.685223498750000048e-01 1.658444209040000061e-01 1.620561366870000020e-01 1.571574604909999895e-01 1.511264291799999937e-01 1.439129214179999949e-01 1.354397675719999916e-01 1.255823324410000053e-01 1.141613308729999970e-01 1.008989036029999953e-01 8.535105046299999720e-02 6.673223992299999463e-02 4.341126925399999698e-02 1.220147440300000004e-02
8.100000000000000000e+01 9.295797663799999777e-02 1.184571048459999998e-01 1.349290876550000018e-01 1.465508968520000121e-01 1.550381388200000043e-01 1.612016594119999868e-01 1.655000223549999983e-01 1.682160032570000074e-01 1.695340720999999884e-01 1.695776379389999922e-01 1.684291292429999920e-01 1.661358330890000123e-01 1.627225208760000041e-01 1.581897935519999965e-01 1.525128056560000056e-01 1.456425677110000094e-01 1.374988891639999933e-01 1.279588162789999928e-01 1.168349621090000040e-01 1.038451905440000017e-01 8.853172638499999525e-02 7.008414021599999877e-02 4.678621861900000151e-02 1.446260505099999927e-02
8.200000000000000000e+01 8.677568818299999376e-02 1.139982519800000066e-01 1.311604545810000078e-01 1.433412662749999900e-01 1.523301444869999965e-01 1.589629819829999902e-01 1.637078492619999937e-01 1.668536310790000032e-01 1.685872174620000052e-01 1.690351978490000073e-01 1.682819696570000134e-01 1.663751960550000075e-01 1.633388080269999876e-01 1.591736019059999951e-01 1.538555123210000042e-01 1.473335959979999998e-01 1.395254072500000109e-01 1.303078518390000107e-01 1.194910819479999969e-01 1.067861998160000020e-01 9.172419636999999681e-02 7.347013477000000070e-02 5.023705293200000227e-02 1.694074530399999889e-02
8.300000000000000000e+01 8.078912107699999512e-02 1.095932668749999978e-01 1.274073103210000002e-01 1.401254004730000113e-01 1.496014091760000109e-01 1.566933103029999885e-01 1.618778883779999900e-01 1.654465936420000116e-01 1.675945075080000068e-01 1.684469521649999968e-01 1.680860587190000088e-01 1.665646087459999869e-01 1.639067992009999863e-01 1.601101273190000118e-01 1.551516417759999933e-01 1.489828439610000055e-01 1.415185293260000088e-01 1.326300929919999871e-01 1.221291598169999965e-01 1.097199133200000010e-01 9.492555519600000269e-02 7.688971929700000318e-02 5.375910247000000031e-02 1.963914180799999909e-02
8.400000000000000000e+01 7.500859629400000173e-02 1.052402157089999957e-01 1.236703084099999989e-01 1.369040841330000091e-01 1.468544210330000044e-01 1.543938641550000046e-01 1.600100821379999982e-01 1.639982419769999977e-01 1.665558477119999936e-01 1.678076103299999955e-01 1.678407447970000077e-01 1.667042471999999886e-01 1.644226576960000075e-01 1.609988415170000020e-01 1.564048860870000113e-01 1.505923900209999999e-01 1.434754461649999924e-01 1.349248095460000019e-01 1.247485346270000017e-01 1.126465904019999936e-01 9.813549887700000196e-02 8.033998984500000107e-02 5.734988467499999715e-02 2.255908665800000074e-02
8.500000000000000000e+01 6.943544164600000401e-02 1.009404050119999952e-01 1.199485408699999950e-01 1.336791379410000036e-01 1.440882921620000034e-01 1.520662774719999943e-01 1.581070424100000094e-01 1.625099028649999999e-01 1.654704458850000115e-01 1.671199270719999908e-01 1.675440239719999946e-01 1.667918086209999873e-01 1.648905944060000128e-01 1.618392889059999951e-01 1.576127513130000102e-01 1.521610556870000019e-01 1.453960775479999912e-01 1.371910350860000016e-01 1.273480223440000003e-01 1.155672452979999987e-01 1.013541250179999936e-01 8.382124340100000071e-02 6.100967783700000230e-02 2.570176529099999982e-02
8.600000000000000000e+01 6.407209339100000678e-02 9.669433291399999464e-02 1.162432666919999968e-01 1.304484240969999986e-01 1.413042561199999991e-01 1.497107506879999939e-01 1.561667833840000019e-01 1.609775784109999941e-01 1.643396306350000113e-01 1.663838537650000060e-01 1.671962721190000112e-01 1.668292914529999893e-01 1.653081718449999904e-01 1.626312020629999966e-01 1.587753725340000088e-01 1.536861966139999869e-01 1.472806200329999926e-01 1.394269638120000099e-01 1.299269833389999906e-01 1.184765218010000037e-01 1.045772365409999988e-01 8.732774774599999512e-02 6.473534503099999393e-02 2.906912424800000075e-02
8.700000000000000000e+01 5.892348460300000229e-02 9.250184268199999893e-02 1.125568473909999978e-01 1.272170399289999920e-01 1.385027828690000018e-01 1.473271848090000058e-01 1.541922780559999984e-01 1.594040892870000059e-01 1.631630676670000057e-01 1.655993745859999922e-01 1.668005836089999916e-01 1.668165269209999912e-01 1.656746724940000026e-01 1.633741443910000091e-01 1.598902347130000123e-01 1.551707476149999931e-01 1.491289271940000050e-01 1.416328101369999926e-01 1.324840604180000103e-01 1.213768255220000064e-01 1.078064903370000022e-01 9.086320690900000219e-02 6.852391696500000073e-02 3.266249939699999993e-02
8.800000000000000000e+01 5.399214005399999988e-02 8.836274148999999356e-02 1.088897309660000062e-01 1.239821331450000064e-01 1.356835469609999900e-01 1.449170433339999897e-01 1.521823259460000077e-01 1.577912914640000053e-01 1.619417597299999956e-01 1.647668694910000009e-01 1.663531032470000059e-01 1.667534290809999931e-01 1.659918455520000002e-01 1.640692680580000118e-01 1.609592378630000098e-01 1.566128022190000080e-01 1.509382806329999938e-01 1.438075527340000048e-01 1.350183874929999917e-01 1.242632816130000012e-01 1.110385954569999972e-01 9.442222841599999528e-02 7.237435097399999573e-02 3.647940222099999713e-02
8.900000000000000000e+01 4.928022425499999776e-02 8.428136397400000368e-02 1.052400666670000040e-01 1.207457472609999999e-01 1.328513559120000076e-01 1.424806424789999970e-01 1.501390782919999889e-01 1.561369547529999902e-01 1.606755138060000088e-01 1.638851992610000086e-01 1.658554505959999870e-01 1.666387351449999943e-01 1.662580019350000105e-01 1.647141791039999914e-01 1.619822909349999951e-01 1.580108941579999871e-01 1.527104275030000125e-01 1.459503719480000072e-01 1.375299061849999949e-01 1.271394855680000047e-01 1.142723916179999993e-01 9.800608098700000492e-02 7.628440234699999933e-02 4.052203456700000095e-02
9.000000000000000000e+01 4.478944037999999656e-02 8.025364980099999879e-02 1.016132349550000064e-01 1.175086612699999949e-01 1.300017782079999906e-01 1.400172106810000094e-01 1.480610562839999866e-01 1.544434761310000126e-01 1.593654079619999941e-01 1.629586313710000012e-01 1.653101593480000020e-01 1.664734050380000108e-01 1.664738925510000078e-01 1.653095407509999892e-01 1.629585845119999876e-01 1.593641706800000002e-01 1.544434007840000123e-01 1.480608321890000134e-01 1.400171218369999915e-01 1.300022700729999980e-01 1.175089256310000024e-01 1.016128469210000052e-01 8.025361293999999646e-02 4.479012942700000277e-02
