# 19 columns: angles [deg], flux factor slices 0, ..., 17
0.000000000000000000e+00 9.473058403600000121e-02 2.727659607749999826e-01 4.179018684649999926e-01 5.126324766719999593e-01 5.455319627800000459e-01 5.126320920839999573e-01 4.179019354469999947e-01 2.727659423059999866e-01 9.473056308900000555e-02 0.000000000000000000e+00 -0.000000000000000000e+00 -0.000000000000000000e+00 -0.000000000000000000e+00 -0.000000000000000000e+00 -0.000000000000000000e+00 -0.000000000000000000e+00 -0.000000000000000000e+00 -0.000000000000000000e+00
1.000000000000000000e+00 9.471616196800000664e-02 2.727248551690000244e-01 4.178387876970000026e-01 5.125538040799999528e-01 5.454487532380000170e-01 5.125541490499999631e-01 4.178369390539999895e-01 2.727249296340000240e-01 9.495548029799999457e-02 2.392456820000000029e-04 -0.000000000000000000e+00 -0.000000000000000000e+00 -0.000000000000000000e+00 -0.000000000000000000e+00 -0.000000000000000000e+00 -0.000000000000000000e+00 -0.000000000000000000e+00 -0.000000000000000000e+00
2.000000000000000000e+00 9.467309332800000199e-02 2.726000565860000058e-01 4.176480114700000246e-01 5.123207925789999839e-01 5.452008821079999956e-01 5.123205562899999510e-01 4.176475838959999853e-01 2.725995850810000176e-01 9.563015469699999438e-02 9.569142829999999602e-04 -0.000000000000000000e+00 -0.000000000000000000e+00 -0.000000000000000000e+00 -0.000000000000000000e+00 -0.000000000000000000e+00 -0.000000000000000000e+00 -0.000000000000000000e+00 -0.000000000000000000e+00
3.000000000000000000e+00 9.460093598100000056e-02 2.723918127230000041e-01 4.173297174300000245e-01 5.119286316240000412e-01 5.447847662489999632e-01 5.119286069370000414e-01 4.173288738190000235e-01 2.723917484760000063e-01 9.675410303299999959e-02 2.152780903999999829e-03 -0.000000000000000000e+00 -0.000000000000000000e+00 -0.000000000000000000e+00 -0.000000000000000000e+00 -0.000000000000000000e+00 -0.000000000000000000e+00 -0.000000000000000000e+00 -0.000000000000000000e+00
4.000000000000000000e+00 9.449969332700000613e-02 2.721020130690000038e-01 4.168840628720000274e-01 5.113831983359999889e-01 5.442032840460000465e-01 5.113825114319999754e-01 4.168822788339999752e-01 2.721006175249999770e-01 9.832676461900000109e-02 3.826267097999999992e-03 -0.000000000000000000e+00 -0.000000000000000000e+00 -0.000000000000000000e+00 -0.000000000000000000e+00 -0.000000000000000000e+00 -0.000000000000000000e+00 -0.000000000000000000e+00 -0.000000000000000000e+00
5.000000000000000000e+00 9.437029930699999958e-02 2.717286179860000095e-01 4.163120054880000143e-01 5.106817959239999816e-01 5.434548561269999523e-01 5.106794134719999656e-01 4.163102511710000120e-01 2.717277969299999874e-01 1.003484036469999979e-01 5.977318518000000226e-03 -0.000000000000000000e+00 -0.000000000000000000e+00 -0.000000000000000000e+00 -0.000000000000000000e+00 -0.000000000000000000e+00 -0.000000000000000000e+00 -0.000000000000000000e+00 -0.000000000000000000e+00
6.000000000000000000e+00 9.421152224199999536e-02 2.712717710220000078e-01 4.156133343480000186e-01 5.098247161379999559e-01 5.425433775260000147e-01 5.098236404210000350e-01 4.156124142159999812e-01 2.712707727840000249e-01 1.028169696239999986e-01 8.604940304999999373e-03 -0.000000000000000000e+00 -0.000000000000000000e+00 -0.000000000000000000e+00 -0.000000000000000000e+00 -0.000000000000000000e+00 -0.000000000000000000e+00 -0.000000000000000000e+00 -0.000000000000000000e+00
7.000000000000000000e+00 9.402462093499999729e-02 2.707334165470000054e-01 4.147858881490000260e-01 5.088120617770000020e-01 5.414648613020000001e-01 5.088100289000000442e-01 4.147862569560000212e-01 2.707340059289999878e-01 1.057322188459999951e-01 1.170859122500000037e-02 -0.000000000000000000e+00 -0.000000000000000000e+00 -0.000000000000000000e+00 -0.000000000000000000e+00 -0.000000000000000000e+00 -0.000000000000000000e+00 -0.000000000000000000e+00 -0.000000000000000000e+00
8.000000000000000000e+00 9.380829477100000036e-02 2.701123978300000172e-01 4.138352778980000091e-01 5.076418234620000414e-01 5.402233529619999697e-01 5.076446356639999768e-01 4.138368697040000210e-01 2.701120823400000037e-01 1.090951470300000059e-01 1.528697650099999916e-02 -0.000000000000000000e+00 -0.000000000000000000e+00 -0.000000000000000000e+00 -0.000000000000000000e+00 -0.000000000000000000e+00 -0.000000000000000000e+00 -0.000000000000000000e+00 -0.000000000000000000e+00
9.000000000000000000e+00 9.356432205299999860e-02 2.694083904110000094e-01 4.127552792120000036e-01 5.063207698360000508e-01 5.388141591589999946e-01 5.063214783180000067e-01 4.127566551960000218e-01 2.694084008939999775e-01 1.129041790120000055e-01 1.933903027900000030e-02 -0.000000000000000000e+00 -0.000000000000000000e+00 -0.000000000000000000e+00 -0.000000000000000000e+00 -0.000000000000000000e+00 -0.000000000000000000e+00 -0.000000000000000000e+00 -0.000000000000000000e+00
1.000000000000000000e+01 9.329152825599999754e-02 2.686213541069999988e-01 4.115524073660000171e-01 5.048451848870000314e-01 5.372431554540000320e-01 5.048442005859999915e-01 4.115517165470000127e-01 2.686214770959999831e-01 1.171548107200000022e-01 2.386383257299999963e-02 0.000000000000000000e+00 -0.000000000000000000e+00 -0.000000000000000000e+00 -0.000000000000000000e+00 -0.000000000000000000e+00 -0.000000000000000000e+00 -0.000000000000000000e+00 -0.000000000000000000e+00
1.100000000000000000e+01 9.299008174200000532e-02 2.677548543009999893e-01 4.102236063340000127e-01 5.032126531620000343e-01 5.355088734259999539e-01 5.032139522590000080e-01 4.102229101470000194e-01 2.678253336579999866e-01 1.217807495109999999e-01 2.879077162100000115e-02 6.915047299999999410e-05 -0.000000000000000000e+00 -0.000000000000000000e+00 -0.000000000000000000e+00 -0.000000000000000000e+00 -0.000000000000000000e+00 -0.000000000000000000e+00 -0.000000000000000000e+00
1.200000000000000000e+01 9.266053663100000393e-02 2.668051319490000184e-01 4.087691646159999914e-01 5.014292478270000464e-01 5.336101226280000054e-01 5.014303890879999726e-01 4.087698611989999953e-01 2.671810967919999724e-01 1.266090422020000050e-01 3.394988524399999985e-02 3.755785700000000005e-04 -0.000000000000000000e+00 -0.000000000000000000e+00 -0.000000000000000000e+00 -0.000000000000000000e+00 -0.000000000000000000e+00 -0.000000000000000000e+00 -0.000000000000000000e+00
1.300000000000000000e+01 9.230283174799999713e-02 2.657752883539999944e-01 4.071912111700000114e-01 4.994949506670000039e-01 5.315499130669999461e-01 4.994930665990000018e-01 4.071916720389999744e-01 2.667726156090000078e-01 1.315656924280000084e-01 3.926199136200000245e-02 9.968818050000000618e-04 -0.000000000000000000e+00 -0.000000000000000000e+00 -0.000000000000000000e+00 -0.000000000000000000e+00 -0.000000000000000000e+00 -0.000000000000000000e+00 -0.000000000000000000e+00
1.400000000000000000e+01 9.191664199500000632e-02 2.646639257869999873e-01 4.054873159440000041e-01 4.974038817190000183e-01 5.293281759610000137e-01 4.974051747270000212e-01 4.054868770469999828e-01 2.666396412729999943e-01 1.365987849109999985e-01 4.468302888299999914e-02 1.975974810999999928e-03 -0.000000000000000000e+00 -0.000000000000000000e+00 -0.000000000000000000e+00 -0.000000000000000000e+00 -0.000000000000000000e+00 -0.000000000000000000e+00 -0.000000000000000000e+00
1.500000000000000000e+01 9.150313865100000166e-02 2.634719766970000099e-01 4.036635600310000127e-01 4.951634934549999922e-01 5.269441594249999472e-01 4.951633495869999790e-01 4.036594649590000139e-01 2.668134723580000145e-01 1.416848018849999891e-01 5.018230014899999897e-02 3.340529817999999835e-03 -0.000000000000000000e+00 -0.000000000000000000e+00 -0.000000000000000000e+00 -0.000000000000000000e+00 -0.000000000000000000e+00 -0.000000000000000000e+00 -0.000000000000000000e+00
1.600000000000000000e+01 9.106141171800000156e-02 2.621993393379999926e-01 4.017129400850000254e-01 4.927726141739999788e-01 5.243989777449999945e-01 4.927735841349999979e-01 4.017138016640000031e-01 2.673079625179999863e-01 1.467995836029999945e-01 5.573931421199999903e-02 5.109878602000000186e-03 -0.000000000000000000e+00 -0.000000000000000000e+00 -0.000000000000000000e+00 -0.000000000000000000e+00 -0.000000000000000000e+00 -0.000000000000000000e+00 -0.000000000000000000e+00
1.700000000000000000e+01 9.059158542799999880e-02 2.608479256360000109e-01 3.996410407900000128e-01 4.902329035479999764e-01 5.216967710100000044e-01 4.902327197179999763e-01 3.996407866839999934e-01 2.681436719509999733e-01 1.519315508590000086e-01 6.133949421200000224e-02 7.297020724000000125e-03 -0.000000000000000000e+00 -0.000000000000000000e+00 -0.000000000000000000e+00 -0.000000000000000000e+00 -0.000000000000000000e+00 -0.000000000000000000e+00 -0.000000000000000000e+00
1.800000000000000000e+01 9.009324484500000341e-02 2.594150631580000033e-01 3.974489594010000015e-01 4.875421830309999982e-01 5.188321325060000211e-01 4.875426752700000033e-01 3.974491466219999825e-01 2.693294749269999899e-01 1.570636681239999943e-01 6.696777996000000122e-02 9.912041820000000100e-03 -0.000000000000000000e+00 -0.000000000000000000e+00 -0.000000000000000000e+00 -0.000000000000000000e+00 -0.000000000000000000e+00 -0.000000000000000000e+00 -0.000000000000000000e+00
1.900000000000000000e+01 8.956979422499999899e-02 2.579056406860000261e-01 3.951329819189999815e-01 4.847046159110000030e-01 5.158093742949999561e-01 4.847049287590000088e-01 3.951332811480000040e-01 2.708648733119999874e-01 1.621875949269999950e-01 7.261651658100000406e-02 1.296225727700000066e-02 -0.000000000000000000e+00 -0.000000000000000000e+00 -0.000000000000000000e+00 -0.000000000000000000e+00 -0.000000000000000000e+00 -0.000000000000000000e+00 -0.000000000000000000e+00
2.000000000000000000e+01 8.901751466299999416e-02 2.563161956219999760e-01 3.926985049280000140e-01 4.817165507999999763e-01 5.126307857470000506e-01 4.817174216189999969e-01 3.927013396280000235e-01 2.727678337650000229e-01 1.672954077040000043e-01 7.827769498299999573e-02 1.645340226899999828e-02 0.000000000000000000e+00 -0.000000000000000000e+00 -0.000000000000000000e+00 -0.000000000000000000e+00 -0.000000000000000000e+00 -0.000000000000000000e+00 -0.000000000000000000e+00
2.100000000000000000e+01 8.843855996600000213e-02 2.546499033499999842e-01 3.901442766959999919e-01 4.785830376019999943e-01 5.092978532040000061e-01 4.785825913769999884e-01 3.901953264090000095e-01 2.749886173850000226e-01 1.723820457889999880e-01 8.394341427399999722e-02 2.033888162199999974e-02 4.920325399999999781e-05 -0.000000000000000000e+00 -0.000000000000000000e+00 -0.000000000000000000e+00 -0.000000000000000000e+00 -0.000000000000000000e+00 -0.000000000000000000e+00
2.200000000000000000e+01 8.783261681500000029e-02 2.529050237059999873e-01 3.874700701380000001e-01 4.753040832909999902e-01 5.058076625480000255e-01 4.753040208909999897e-01 3.877446314779999792e-01 2.774014549289999798e-01 1.774401517870000111e-01 8.960921883099999541e-02 2.449849603000000056e-02 2.723826799999999886e-04 -0.000000000000000000e+00 -0.000000000000000000e+00 -0.000000000000000000e+00 -0.000000000000000000e+00 -0.000000000000000000e+00 -0.000000000000000000e+00
2.300000000000000000e+01 8.720014103699999519e-02 2.510824730360000090e-01 3.846790344859999933e-01 4.718813969890000015e-01 5.021658469549999948e-01 4.718805522050000256e-01 3.854180187540000024e-01 2.799500870230000049e-01 1.824678140980000030e-01 9.526870692000000140e-02 2.886733843700000149e-02 7.353771700000000288e-04 -0.000000000000000000e+00 -0.000000000000000000e+00 -0.000000000000000000e+00 -0.000000000000000000e+00 -0.000000000000000000e+00 -0.000000000000000000e+00
2.400000000000000000e+01 8.654089494500000201e-02 2.491842028139999998e-01 3.817709441200000109e-01 4.683128453600000074e-01 4.983681574659999947e-01 4.683127430399999791e-01 3.832521872590000100e-01 2.825903189649999758e-01 1.874571172639999950e-01 1.009183947190000069e-01 3.340476983000000011e-02 1.479624955000000000e-03 -0.000000000000000000e+00 -0.000000000000000000e+00 -0.000000000000000000e+00 -0.000000000000000000e+00 -0.000000000000000000e+00 -0.000000000000000000e+00
2.500000000000000000e+01 8.585503377700000327e-02 2.472098238890000077e-01 3.787473188780000055e-01 4.646035310450000178e-01 4.944181572790000145e-01 4.646047478620000115e-01 3.812826877659999947e-01 2.852899369649999906e-01 1.924074559149999974e-01 1.065534538020000005e-01 3.808147559200000115e-02 2.535879102000000024e-03 -0.000000000000000000e+00 -0.000000000000000000e+00 -0.000000000000000000e+00 -0.000000000000000000e+00 -0.000000000000000000e+00 -0.000000000000000000e+00
2.600000000000000000e+01 8.514323759099999556e-02 2.451605600229999904e-01 3.756082951429999817e-01 4.607513504890000111e-01 4.903204097250000171e-01 4.607496644710000200e-01 3.795341901220000147e-01 2.880351481060000052e-01 1.973152526999999989e-01 1.121718078460000045e-01 4.287508036999999883e-02 3.926889301999999908e-03 -0.000000000000000000e+00 -0.000000000000000000e+00 -0.000000000000000000e+00 -0.000000000000000000e+00 -0.000000000000000000e+00 -0.000000000000000000e+00
2.700000000000000000e+01 8.440616670599999927e-02 2.430363263249999961e-01 3.723533550450000007e-01 4.567590901540000137e-01 4.860725139789999760e-01 4.567590159959999951e-01 3.780239357929999766e-01 2.908025356810000073e-01 2.021733032509999972e-01 1.177694294779999956e-01 4.776557235300000342e-02 5.671016023999999982e-03 -0.000000000000000000e+00 -0.000000000000000000e+00 -0.000000000000000000e+00 -0.000000000000000000e+00 -0.000000000000000000e+00 -0.000000000000000000e+00
2.800000000000000000e+01 8.364256605000000566e-02 2.408374505130000121e-01 3.689854887310000109e-01 4.526282155910000271e-01 4.816738851669999932e-01 4.526267778399999941e-01 3.767665780719999802e-01 2.935770373439999803e-01 2.069858289079999913e-01 1.233435783419999932e-01 5.273953730099999876e-02 7.782571614000000429e-03 -0.000000000000000000e+00 -0.000000000000000000e+00 -0.000000000000000000e+00 -0.000000000000000000e+00 -0.000000000000000000e+00 -0.000000000000000000e+00
2.900000000000000000e+01 8.285339042299999512e-02 2.385658007679999915e-01 3.655049745719999854e-01 4.483588439510000079e-01 4.771336025549999804e-01 4.483585665700000056e-01 3.757781867769999784e-01 2.963501794599999739e-01 2.117424892139999903e-01 1.288909917599999899e-01 5.778373040299999985e-02 1.027354913999999932e-02 -0.000000000000000000e+00 -0.000000000000000000e+00 -0.000000000000000000e+00 -0.000000000000000000e+00 -0.000000000000000000e+00 -0.000000000000000000e+00
3.000000000000000000e+01 8.203913672700000048e-02 2.362218119929999915e-01 3.619141028940000004e-01 4.439535890130000273e-01 4.724432590359999851e-01 4.439548009470000167e-01 3.750660298399999815e-01 2.991104883230000233e-01 2.164436272899999958e-01 1.344058902530000099e-01 6.288700215900000501e-02 1.315408877700000034e-02 0.000000000000000000e+00 -0.000000000000000000e+00 -0.000000000000000000e+00 -0.000000000000000000e+00 -0.000000000000000000e+00 -0.000000000000000000e+00
3.100000000000000000e+01 8.119920298499999634e-02 2.338058072910000063e-01 3.582114461199999988e-01 4.394124514650000202e-01 4.676141021779999796e-01 4.394503874510000130e-01 3.746010208209999970e-01 3.018429757439999861e-01 2.210905362920000117e-01 1.398926712499999891e-01 6.803851098700000599e-02 1.639178408700000047e-02 3.936153800000000315e-05 -0.000000000000000000e+00 -0.000000000000000000e+00 -0.000000000000000000e+00 -0.000000000000000000e+00 -0.000000000000000000e+00
3.200000000000000000e+01 8.033634444199999614e-02 2.313191858380000132e-01 3.544009334029999958e-01 4.347363871359999909e-01 4.626380625659999857e-01 4.349584886399999739e-01 3.742932433330000142e-01 3.045497638879999802e-01 2.256776835460000130e-01 1.453403700529999898e-01 7.323290837899999739e-02 1.989162603600000065e-02 2.194262789999999925e-04 -0.000000000000000000e+00 -0.000000000000000000e+00 -0.000000000000000000e+00 -0.000000000000000000e+00 -0.000000000000000000e+00
3.300000000000000000e+01 7.944811310200000642e-02 2.287609125199999982e-01 3.504832622269999920e-01 4.299276362109999972e-01 4.575216418959999753e-01 4.305252371869999761e-01 3.740854596120000153e-01 3.072228343010000029e-01 2.302042995140000103e-01 1.507570627979999967e-01 7.846011297499999593e-02 2.360345203400000119e-02 5.961820139999999494e-04 -0.000000000000000000e+00 -0.000000000000000000e+00 -0.000000000000000000e+00 -0.000000000000000000e+00 -0.000000000000000000e+00
3.400000000000000000e+01 7.853522298100000520e-02 2.261327286760000110e-01 3.464572454379999944e-01 4.249903763539999990e-01 4.522665017170000024e-01 4.261983590160000057e-01 3.739504446790000158e-01 3.098485923140000264e-01 2.346624830469999923e-01 1.561279462609999891e-01 8.371413484999999655e-02 2.749443733700000086e-02 1.207114335999999975e-03 -0.000000000000000000e+00 -0.000000000000000000e+00 -0.000000000000000000e+00 -0.000000000000000000e+00 -0.000000000000000000e+00
3.500000000000000000e+01 7.759901694800000471e-02 2.234363045849999951e-01 3.423230749619999846e-01 4.199259843939999737e-01 4.468725722029999736e-01 4.220063331189999878e-01 3.738676387000000045e-01 3.124258589900000271e-01 2.390627545879999982e-01 1.614639124939999948e-01 8.899104064099999656e-02 3.154012324399999706e-02 2.080703888000000074e-03 -0.000000000000000000e+00 -0.000000000000000000e+00 -0.000000000000000000e+00 -0.000000000000000000e+00 -0.000000000000000000e+00
3.600000000000000000e+01 7.663882729200000021e-02 2.206735150730000095e-01 3.380894801379999981e-01 4.147292680499999884e-01 4.413440884839999745e-01 4.179662184369999922e-01 3.738099615880000059e-01 3.149556839730000002e-01 2.433920010450000004e-01 1.667516735029999919e-01 9.428346757800000477e-02 3.572064604200000243e-02 3.239232856999999920e-03 -0.000000000000000000e+00 -0.000000000000000000e+00 -0.000000000000000000e+00 -0.000000000000000000e+00 -0.000000000000000000e+00
3.700000000000000000e+01 7.565578709900000476e-02 2.178405617979999875e-01 3.337507220059999780e-01 4.094061480210000048e-01 4.356817784779999925e-01 4.141080236379999779e-01 3.737680056229999992e-01 3.174274386050000007e-01 2.476504648410000065e-01 1.719978502120000086e-01 9.958697615900000133e-02 4.001695685500000071e-02 4.701660124000000239e-03 -0.000000000000000000e+00 -0.000000000000000000e+00 -0.000000000000000000e+00 -0.000000000000000000e+00 -0.000000000000000000e+00
3.800000000000000000e+01 7.464918231900000145e-02 2.149428282189999873e-01 3.293104220090000145e-01 4.039609860739999947e-01 4.298842258150000206e-01 4.104418488289999778e-01 3.737313513919999775e-01 3.198394674639999935e-01 2.518428532570000100e-01 1.771948465790000038e-01 1.048944095160000006e-01 4.441861406199999751e-02 6.482761547999999624e-03 -0.000000000000000000e+00 -0.000000000000000000e+00 -0.000000000000000000e+00 -0.000000000000000000e+00 -0.000000000000000000e+00
3.900000000000000000e+01 7.361934947999999868e-02 2.119779162260000127e-01 3.247710863969999751e-01 3.983911075100000088e-01 4.239548860919999940e-01 4.069864360939999814e-01 3.736845564330000258e-01 3.221870337250000160e-01 2.559604166919999813e-01 1.823408030429999882e-01 1.102072156919999962e-01 4.891352933700000155e-02 8.596148657999999609e-03 -0.000000000000000000e+00 -0.000000000000000000e+00 -0.000000000000000000e+00 -0.000000000000000000e+00 -0.000000000000000000e+00
4.000000000000000000e+01 7.256823556399999431e-02 2.089519303930000016e-01 3.201301969590000240e-01 3.926983211430000176e-01 4.178985943230000277e-01 4.037524174930000043e-01 3.736217358160000002e-01 3.244668864579999812e-01 2.600076009169999813e-01 1.874373855400000011e-01 1.155152132660000053e-01 5.348777298299999677e-02 1.105229521999999930e-02 0.000000000000000000e+00 -0.000000000000000000e+00 -0.000000000000000000e+00 -0.000000000000000000e+00 -0.000000000000000000e+00
4.100000000000000000e+01 7.149441773600000161e-02 2.058589338790000056e-01 3.153956321210000247e-01 3.868868214480000178e-01 4.117495507019999779e-01 4.007184911739999911e-01 3.735328076789999896e-01 3.266835375589999813e-01 2.639768152779999877e-01 1.924810731749999893e-01 1.208222559980000055e-01 5.813793833199999705e-02 1.382819849999999962e-02 3.276535699999999875e-05 -0.000000000000000000e+00 -0.000000000000000000e+00 -0.000000000000000000e+00 -0.000000000000000000e+00
4.200000000000000000e+01 7.039820961699999602e-02 2.027040036220000008e-01 3.105604316839999934e-01 3.809602037809999842e-01 4.055929811189999956e-01 3.978074809530000033e-01 3.734117318230000260e-01 3.288200880320000241e-01 2.678686722070000026e-01 1.974700973309999885e-01 1.261165885149999888e-01 6.285008475599999922e-02 1.684634786900000153e-02 1.833750819999999961e-04 -0.000000000000000000e+00 -0.000000000000000000e+00 -0.000000000000000000e+00 -0.000000000000000000e+00
4.300000000000000000e+01 6.928153100099999906e-02 1.994874156229999862e-01 3.056343561930000008e-01 3.749144140790000024e-01 3.994761177799999730e-01 3.949824394840000252e-01 3.732544230190000256e-01 3.308881015710000151e-01 2.716840162040000117e-01 2.024017172929999941e-01 1.313995160910000071e-01 6.761993476100000566e-02 2.006651038700000070e-02 4.999283140000000073e-04 -0.000000000000000000e+00 -0.000000000000000000e+00 -0.000000000000000000e+00 -0.000000000000000000e+00
4.400000000000000000e+01 6.814325613999999698e-02 1.962115400480000105e-01 3.006135923439999802e-01 3.687586617879999862e-01 3.934402071320000083e-01 3.922155129859999922e-01 3.730536010350000153e-01 3.328762992500000073e-01 2.754175605140000149e-01 2.072763673249999883e-01 1.366664110499999918e-01 7.244075122000000200e-02 2.346118987400000119e-02 1.015477312999999923e-03 -0.000000000000000000e+00 -0.000000000000000000e+00 -0.000000000000000000e+00 -0.000000000000000000e+00
4.500000000000000000e+01 6.698527539399999620e-02 1.928740684420000018e-01 2.955007860539999864e-01 3.624852791829999976e-01 3.875032952240000106e-01 3.894938416040000240e-01 3.728072727050000257e-01 3.347886813100000025e-01 2.790744313379999730e-01 2.120906063959999976e-01 1.419151012429999970e-01 7.730508609899999772e-02 2.700923687900000023e-02 1.755693830999999943e-03 -0.000000000000000000e+00 -0.000000000000000000e+00 -0.000000000000000000e+00 -0.000000000000000000e+00
4.600000000000000000e+01 6.580576442100000145e-02 1.894786928420000016e-01 2.902976152110000041e-01 3.561035671869999808e-01 3.816993264379999751e-01 3.868011201889999806e-01 3.725072677419999922e-01 3.366199646170000004e-01 2.826488545879999870e-01 2.168421608939999912e-01 1.471413517300000084e-01 8.220940215100000503e-02 3.069434624700000114e-02 2.741189246000000097e-03 -0.000000000000000000e+00 -0.000000000000000000e+00 -0.000000000000000000e+00 -0.000000000000000000e+00
4.700000000000000000e+01 6.460611143899999687e-02 1.860256352150000125e-01 2.850078310449999930e-01 3.496129804459999768e-01 3.760419674089999775e-01 3.841178120489999737e-01 3.721537731969999929e-01 3.383702670079999919e-01 2.861366747340000072e-01 2.215306062259999875e-01 1.523451661009999902e-01 8.714465445999999837e-02 3.450352244600000257e-02 3.989908504000000064e-03 -0.000000000000000000e+00 -0.000000000000000000e+00 -0.000000000000000000e+00 -0.000000000000000000e+00
4.800000000000000000e+01 6.338696711900000669e-02 1.825157315800000069e-01 2.796317846329999801e-01 3.430199484800000032e-01 3.705483596670000046e-01 3.814402430359999929e-01 3.717408734620000210e-01 3.400362918150000024e-01 2.895429163279999996e-01 2.261587690680000040e-01 1.575206895790000061e-01 9.211130249799999448e-02 3.842428404300000239e-02 5.516500409999999799e-03 -0.000000000000000000e+00 -0.000000000000000000e+00 -0.000000000000000000e+00 -0.000000000000000000e+00
4.900000000000000000e+01 6.214894377499999983e-02 1.789494759720000050e-01 2.741669920259999782e-01 3.363170954940000179e-01 3.652348943870000197e-01 3.787622383500000023e-01 3.712685413230000231e-01 3.416164437399999976e-01 2.928630916800000206e-01 2.307159993879999982e-01 1.626685335999999982e-01 9.709904532799999710e-02 4.244561673299999949e-02 7.333225552000000036e-03 -0.000000000000000000e+00 -0.000000000000000000e+00 -0.000000000000000000e+00 -0.000000000000000000e+00
5.000000000000000000e+01 6.089171503799999802e-02 1.753300940320000056e-01 2.686213499999999810e-01 3.295145775430000090e-01 3.601128952220000179e-01 3.760735144210000103e-01 3.707297440849999792e-01 3.431105673070000139e-01 2.960977338849999918e-01 2.352069696000000099e-01 1.677810351609999862e-01 1.021087228099999966e-01 4.655953659200000316e-02 9.451921620999999968e-03 0.000000000000000000e+00 -0.000000000000000000e+00 -0.000000000000000000e+00 -0.000000000000000000e+00
5.100000000000000000e+01 5.961534185100000188e-02 1.716568961799999904e-01 2.629939582799999953e-01 3.226407626839999931e-01 3.551693936740000224e-01 3.733674976829999825e-01 3.701255314690000131e-01 3.445197168520000019e-01 2.992454805120000061e-01 2.396326139470000005e-01 1.728624620829999903e-01 1.071319517070000032e-01 5.075810190499999847e-02 1.185461821599999993e-02 2.755823100000000134e-05 -0.000000000000000000e+00 -0.000000000000000000e+00 -0.000000000000000000e+00
5.200000000000000000e+01 5.832198997699999943e-02 1.679307956960000014e-01 2.572864673770000055e-01 3.157622912549999938e-01 3.503409284169999860e-01 3.706388467100000250e-01 3.694531624149999804e-01 3.458387063030000097e-01 3.023017170919999885e-01 2.439782605299999907e-01 1.779055965530000061e-01 1.121686979810000012e-01 5.503297228699999960e-02 1.447713807899999976e-02 1.545002289999999944e-04 -0.000000000000000000e+00 -0.000000000000000000e+00 -0.000000000000000000e+00
5.300000000000000000e+01 5.701037999400000028e-02 1.641543894780000123e-01 2.514991191050000019e-01 3.089330563109999872e-01 3.455957297350000235e-01 3.678864319099999780e-01 3.687127483559999863e-01 3.470646605400000140e-01 3.052671536320000212e-01 2.482556035840000064e-01 1.829118605560000055e-01 1.172124143630000059e-01 5.937811950699999758e-02 1.728625226700000045e-02 4.219938510000000248e-04 -0.000000000000000000e+00 -0.000000000000000000e+00 -0.000000000000000000e+00
5.400000000000000000e+01 5.568113139599999845e-02 1.603266788300000134e-01 2.456368747390000051e-01 3.021766299079999829e-01 3.409147947969999870e-01 3.651059946590000105e-01 3.678969748859999833e-01 3.482035221199999975e-01 3.081444977069999758e-01 2.524626442990000053e-01 1.878765673680000137e-01 1.222617259270000062e-01 6.378796105499999480e-02 2.025941745300000041e-02 8.590099190000000020e-04 -0.000000000000000000e+00 -0.000000000000000000e+00 -0.000000000000000000e+00
5.500000000000000000e+01 5.433528702999999849e-02 1.564515163599999870e-01 2.396986806820000093e-01 2.955218013800000043e-01 3.362852364159999996e-01 3.622888522370000253e-01 3.670103470369999732e-01 3.492496894659999906e-01 3.109286351619999778e-01 2.565919785849999912e-01 1.927976211130000006e-01 1.273125631860000107e-01 6.825488362400000675e-02 2.338058070599999955e-02 1.487713770000000059e-03 -0.000000000000000000e+00 -0.000000000000000000e+00 -0.000000000000000000e+00
5.600000000000000000e+01 5.297250792100000050e-02 1.525284842740000091e-01 2.336872372300000111e-01 2.889854788960000143e-01 3.316926732459999916e-01 3.594353763620000142e-01 3.660480510570000012e-01 3.502018806860000000e-01 3.136197550959999858e-01 2.606472661149999981e-01 1.976747882190000027e-01 1.323620311800000060e-01 7.277575770100000452e-02 2.663474262100000087e-02 2.327134470000000090e-03 -0.000000000000000000e+00 -0.000000000000000000e+00 -0.000000000000000000e+00
5.700000000000000000e+01 5.159406990499999790e-02 1.485593512549999995e-01 2.276045192370000081e-01 2.825916632720000266e-01 3.271299099050000159e-01 3.565459259520000201e-01 3.650100287999999971e-01 3.510627485630000155e-01 3.162168569689999820e-01 2.646227190089999737e-01 2.025022828549999931e-01 1.374047065229999920e-01 7.734376495599999679e-02 3.001134623100000162e-02 3.392600572999999835e-03 -0.000000000000000000e+00 -0.000000000000000000e+00 -0.000000000000000000e+00
5.800000000000000000e+01 5.019918812699999955e-02 1.445444272099999927e-01 2.214542699519999880e-01 2.763529669729999916e-01 3.225875470369999887e-01 3.536110299079999741e-01 3.638987208539999907e-01 3.518276616079999974e-01 3.187192682109999953e-01 2.685201680809999880e-01 2.072827577809999988e-01 1.424422251340000112e-01 8.195629418800000343e-02 3.350095302299999772e-02 4.697931126000000172e-03 -0.000000000000000000e+00 -0.000000000000000000e+00 -0.000000000000000000e+00
5.900000000000000000e+01 4.878980354600000180e-02 1.404852857140000133e-01 2.152354025369999924e-01 2.702813955230000120e-01 3.180627884189999866e-01 3.506367793840000080e-01 3.627025436019999938e-01 3.524962256320000042e-01 3.211275893059999942e-01 2.723366678990000178e-01 2.120141144119999932e-01 1.474673974129999954e-01 8.660903960200000418e-02 3.709384093600000265e-02 6.254567750000000412e-03 -0.000000000000000000e+00 -0.000000000000000000e+00 -0.000000000000000000e+00
6.000000000000000000e+01 4.736537992200000324e-02 1.363820879930000007e-01 2.089511574690000040e-01 2.643885721670000133e-01 3.135474075710000252e-01 3.476131749440000140e-01 3.614328194479999867e-01 3.530711361950000238e-01 3.234416024410000090e-01 2.760761061240000203e-01 2.166867396100000120e-01 1.524812534220000015e-01 9.129747824400000211e-02 4.078311421699999662e-02 8.073519563000000274e-03 0.000000000000000000e+00 -0.000000000000000000e+00 -0.000000000000000000e+00
6.100000000000000000e+01 4.592650603100000006e-02 1.322396172610000031e-01 2.026249977859999885e-01 2.586693719579999939e-01 3.090403147599999900e-01 3.445457004140000112e-01 3.600808432290000249e-01 3.535515189210000075e-01 3.256542251610000105e-01 2.797275036799999892e-01 2.213103314279999956e-01 1.574762584259999931e-01 9.601648914099999987e-02 4.456113818699999896e-02 1.014038062800000015e-02 2.288223600000000106e-05 -0.000000000000000000e+00 -0.000000000000000000e+00
6.200000000000000000e+01 4.447333090299999958e-02 1.280565156469999910e-01 1.963205948619999863e-01 2.530688571019999999e-01 3.045364656830000238e-01 3.414306782100000048e-01 3.586511709710000217e-01 3.539312905190000191e-01 3.277732722750000272e-01 2.833004104090000030e-01 2.258753926879999985e-01 1.624580077710000015e-01 1.007626668019999949e-01 4.842330542500000029e-02 1.240349267199999939e-02 1.284269869999999931e-04 -0.000000000000000000e+00 -0.000000000000000000e+00
6.300000000000000000e+01 4.300668267399999911e-02 1.238330955449999937e-01 1.900735843470000019e-01 2.475652127409999903e-01 3.000271076109999879e-01 3.382647670899999737e-01 3.571398587540000058e-01 3.542179559040000147e-01 3.297944326550000249e-01 2.867867608999999929e-01 2.303850294500000007e-01 1.674154178280000127e-01 1.055349019379999975e-01 5.236291235300000180e-02 1.483562850299999930e-02 3.512014540000000162e-04 -0.000000000000000000e+00 -0.000000000000000000e+00
6.400000000000000000e+01 4.152729741800000041e-02 1.195733728630000020e-01 1.839109822040000120e-01 2.421406737560000133e-01 2.955195031660000082e-01 3.350519104570000017e-01 3.555471331150000247e-01 3.544055062450000015e-01 3.317112472320000172e-01 2.901856844960000181e-01 2.348314677979999876e-01 1.723523762920000091e-01 1.103281375249999946e-01 5.637341699699999903e-02 1.741817506100000121e-02 7.153187009999999613e-04 -0.000000000000000000e+00 -0.000000000000000000e+00
6.500000000000000000e+01 4.003519415400000336e-02 1.152766475589999950e-01 1.778519893820000031e-01 2.367860583470000058e-01 2.910027362190000244e-01 3.317874441049999956e-01 3.538722312800000047e-01 3.544961945880000243e-01 3.335304858829999941e-01 2.935005633639999889e-01 2.392204081579999975e-01 1.772602660400000030e-01 1.151391365910000020e-01 6.045211127700000214e-02 2.013848773300000103e-02 1.240113056999999925e-03 -0.000000000000000000e+00 -0.000000000000000000e+00
6.600000000000000000e+01 3.853041373999999825e-02 1.109438398180000035e-01 1.719186165119999943e-01 2.314905089679999972e-01 2.864798949990000065e-01 3.284710041789999924e-01 3.521204994909999941e-01 3.544872283320000261e-01 3.352505603989999750e-01 2.967236680520000114e-01 2.435423098549999998e-01 1.821442539029999863e-01 1.199631829540000055e-01 6.459393481899999845e-02 2.298550113900000094e-02 1.941078153999999979e-03 -0.000000000000000000e+00 -0.000000000000000000e+00
6.700000000000000000e+01 3.701415074600000049e-02 1.065779712970000015e-01 1.661192685310000083e-01 2.262495445000000105e-01 2.819514209719999887e-01 3.251020198299999775e-01 3.502840160540000025e-01 3.543805924569999877e-01 3.368725382409999969e-01 2.998598362170000198e-01 2.478029248130000084e-01 1.869981057079999898e-01 1.248024991270000050e-01 6.879478965799999679e-02 2.594875361599999902e-02 2.832088008999999931e-03 -0.000000000000000000e+00 -0.000000000000000000e+00
6.800000000000000000e+01 3.548704815800000217e-02 1.021804096329999995e-01 1.604738205800000095e-01 2.210577103480000083e-01 2.774084699789999831e-01 3.216853244330000194e-01 3.483665393529999932e-01 3.541765389980000012e-01 3.383913185710000215e-01 3.029050514800000204e-01 2.519969876959999855e-01 1.918189566329999984e-01 1.296467190910000067e-01 7.305111902399999413e-02 2.902229680599999889e-02 3.924624762999999808e-03 -0.000000000000000000e+00 -0.000000000000000000e+00
6.900000000000000000e+01 3.394831065400000236e-02 9.775034785000000226e-02 1.549920594979999899e-01 2.159080063669999994e-01 2.728552651700000276e-01 3.182118757349999827e-01 3.463689509069999839e-01 3.538748360210000055e-01 3.398090125580000009e-01 3.058621320420000234e-01 2.561231620939999898e-01 1.966031868850000031e-01 1.345027615620000006e-01 7.735706532099999311e-02 3.219806245299999814e-02 5.228597251999999619e-03 -0.000000000000000000e+00 -0.000000000000000000e+00
7.000000000000000000e+01 3.239967156000000265e-02 9.329133904099999597e-02 1.496835522899999937e-01 2.108010401219999885e-01 2.682944017789999913e-01 3.146884338900000078e-01 3.442874662459999846e-01 3.534698698909999881e-01 3.411227070219999824e-01 3.087227853019999801e-01 2.601817678089999863e-01 2.013542310570000105e-01 1.393613814540000106e-01 8.170937322700000394e-02 3.546925202400000310e-02 6.752990537999999966e-03 0.000000000000000000e+00 -0.000000000000000000e+00
7.100000000000000000e+01 3.084135521599999999e-02 8.882201828699999580e-02 1.445431704100000048e-01 2.057287508320000124e-01 2.637153772909999749e-01 3.111142400479999792e-01 3.421245513989999987e-01 3.529719118210000173e-01 3.423366550679999842e-01 3.114953654059999799e-01 2.641672694430000079e-01 2.060692615899999969e-01 1.442171978500000062e-01 8.610807021300000141e-02 3.883259799699999987e-02 8.487672443999999886e-03 1.816511600000000038e-05 -0.000000000000000000e+00
7.200000000000000000e+01 2.927372156800000028e-02 8.439131358899999713e-02 1.395295006339999921e-01 2.006947539280000137e-01 2.591250992479999793e-01 3.074862400849999733e-01 3.398821932419999747e-01 3.523725968850000001e-01 3.434445076279999953e-01 3.141739513160000108e-01 2.680844778400000017e-01 2.107420335899999886e-01 1.490767209859999998e-01 9.054693160500000559e-02 4.228083556599999959e-02 1.039183218799999940e-02 1.019169430000000043e-04 -0.000000000000000000e+00
7.300000000000000000e+01 2.769650442899999898e-02 8.002714291599999363e-02 1.346271187149999937e-01 1.956917824399999895e-01 2.545221611699999831e-01 3.038076055410000031e-01 3.375576716179999881e-01 3.516738102859999771e-01 3.444509078349999864e-01 3.167526390170000150e-01 2.719247963640000210e-01 2.153742847469999888e-01 1.539302465350000093e-01 9.502288538500000548e-02 4.581080262699999822e-02 1.244436734100000039e-02 2.785935429999999925e-04 -0.000000000000000000e+00
7.400000000000000000e+01 2.611119242400000012e-02 7.575180242000000008e-02 1.298209890010000034e-01 1.907171662530000034e-01 2.499037765530000010e-01 3.000789036129999920e-01 3.351544114669999797e-01 3.508753631029999931e-01 3.453516577749999872e-01 3.192402422019999797e-01 2.756934281310000068e-01 2.199622065119999914e-01 1.587807219590000041e-01 9.953610216100000629e-02 4.941910795999999995e-02 1.463073408899999948e-02 5.672738699999999674e-04 -0.000000000000000000e+00
7.500000000000000000e+01 2.451821639700000124e-02 7.158059413499999468e-02 1.251029857510000121e-01 1.857785187700000118e-01 2.452745143080000134e-01 2.962977686250000131e-01 3.326663697960000055e-01 3.499815797549999941e-01 3.461512407119999857e-01 3.216330287699999957e-01 2.793814196280000051e-01 2.245046291979999886e-01 1.636186471109999929e-01 1.040795204690000003e-01 5.309845906599999776e-02 1.694148659999999973e-02 9.829169779999999065e-04 -0.000000000000000000e+00
7.600000000000000000e+01 2.291750786100000062e-02 6.752627461799999564e-02 1.204677876479999937e-01 1.808653334620000108e-01 2.406289303340000130e-01 2.924658561610000151e-01 3.301014051930000193e-01 3.489875094189999749e-01 3.468455099869999780e-01 3.239253176229999753e-01 2.829991079540000176e-01 2.290009873249999883e-01 1.684487914960000055e-01 1.086532730689999948e-01 5.684903512600000125e-02 1.936864822200000044e-02 1.537923279000000037e-03 -0.000000000000000000e+00
7.700000000000000000e+01 2.130973228899999891e-02 6.360162286699999612e-02 1.159113013190000013e-01 1.759827934269999894e-01 2.359720513219999982e-01 2.885828616189999862e-01 3.274569822460000057e-01 3.478954380789999745e-01 3.474321837220000209e-01 3.261227917230000162e-01 2.865377356650000151e-01 2.334483592590000101e-01 1.732643648420000015e-01 1.132537439090000042e-01 6.066608112199999708e-02 2.190493932599999957e-02 2.242466118000000213e-03 -0.000000000000000000e+00
7.800000000000000000e+01 1.969551863299999830e-02 5.981660784600000003e-02 1.114306745390000047e-01 1.711283521370000060e-01 2.313022704859999945e-01 2.846534421090000100e-01 3.247315123949999771e-01 3.467064536119999762e-01 3.479192392620000240e-01 3.282206362419999857e-01 2.899945583119999948e-01 2.378458987490000009e-01 1.780696560330000122e-01 1.178807050659999994e-01 6.454608295300000298e-02 2.454454904300000170e-02 3.105528332000000169e-03 -0.000000000000000000e+00
7.900000000000000000e+01 1.807536376000000097e-02 5.618095608499999727e-02 1.070214211779999952e-01 1.663012868110000098e-01 2.266200855330000041e-01 2.806722506470000211e-01 3.219329327309999877e-01 3.454185041210000029e-01 3.483001515529999814e-01 3.302209286119999754e-01 2.933709616249999819e-01 2.421929750959999905e-01 1.828584404930000129e-01 1.225278655100000003e-01 6.848566575499999420e-02 2.728158785800000041e-02 4.134433292999999988e-03 -0.000000000000000000e+00
8.000000000000000000e+01 1.645006955000000159e-02 5.270118004899999875e-02 1.026821300169999951e-01 1.615026989410000002e-01 2.219253379749999977e-01 2.766424757470000162e-01 3.190511982909999822e-01 3.440339964829999819e-01 3.485740328520000042e-01 3.321239279270000178e-01 2.966686102389999857e-01 2.464827374849999919e-01 1.876257692859999993e-01 1.271979781220000105e-01 7.248501310299999834e-02 3.011347200299999832e-02 5.335618702999999664e-03 0.000000000000000000e+00
8.100000000000000000e+01 1.483175188099999930e-02 4.937248530499999816e-02 9.840861382500000476e-02 1.567317651039999982e-01 2.172201476479999893e-01 2.725663061829999845e-01 3.160950880269999819e-01 3.425516707849999842e-01 3.487422434049999853e-01 3.339223295609999864e-01 2.998788122889999852e-01 2.507210363560000155e-01 1.923756532210000036e-01 1.318811141329999936e-01 7.653803704400000130e-02 3.303493907399999985e-02 6.702007060999999599e-03 1.259366399999999923e-05
8.200000000000000000e+01 1.325437261000000054e-02 4.616772145599999655e-02 9.420305670699999356e-02 1.519890462400000086e-01 2.125057989799999936e-01 2.684464549569999803e-01 3.130637260590000137e-01 3.409728627510000276e-01 3.488069538970000050e-01 3.356234456319999726e-01 3.030114640350000110e-01 2.549044464899999918e-01 1.971025166129999895e-01 1.365813921550000087e-01 8.064432783800000448e-02 3.604337966499999990e-02 8.205897361999999612e-03 7.035844999999999719e-05
8.300000000000000000e+01 1.173623921400000075e-02 4.307479938099999933e-02 9.006428384600000114e-02 1.472748938189999968e-01 2.077817627230000019e-01 2.642810191100000150e-01 3.099547624180000183e-01 3.392996033890000041e-01 3.487660021269999855e-01 3.372219640179999756e-01 3.060564559050000244e-01 2.590248323939999819e-01 2.018049308629999983e-01 1.412990201830000014e-01 8.480160018099999752e-02 3.913430033499999683e-02 9.832899080999999222e-03 1.914287059999999954e-04
8.400000000000000000e+01 1.029008359400000044e-02 4.008576993799999738e-02 8.599105847900000155e-02 1.425913442969999889e-01 2.030495879420000094e-01 2.600684069470000082e-01 3.067694860440000060e-01 3.375259423540000192e-01 3.486216146780000136e-01 3.387185875709999849e-01 3.090105376749999744e-01 2.630883923339999986e-01 2.064825869420000015e-01 1.460249065099999966e-01 8.900614198400000343e-02 4.230766812100000135e-02 1.157366915999999933e-02 3.879239479999999855e-04
8.500000000000000000e+01 8.925122662999999262e-03 3.719574658099999986e-02 8.198024598700000276e-02 1.379364188599999930e-01 1.983071447430000134e-01 2.558121828270000231e-01 3.035166862040000191e-01 3.356594443259999783e-01 3.483689943289999813e-01 3.401114679369999783e-01 3.118867257810000182e-01 2.670900571920000188e-01 2.111331861849999880e-01 1.507606948540000102e-01 9.325771349900000007e-02 4.555807372299999769e-02 1.342284897500000025e-02 6.688322480000000484e-04
8.600000000000000000e+01 7.648990476000000309e-03 3.440172648999999944e-02 7.803593201200000051e-02 1.333114360930000020e-01 1.935636263480000063e-01 2.515149361469999900e-01 3.001835642239999991e-01 3.336994739660000264e-01 3.480147395379999953e-01 3.414057331009999752e-01 3.146722471210000038e-01 2.710322899170000133e-01 2.157552226030000075e-01 1.555057236659999897e-01 9.755284425500000689e-02 4.888394354799999869e-02 1.537453864200000013e-02 1.040874287999999943e-03
8.700000000000000000e+01 6.466987633000000069e-03 3.170119834000000025e-02 7.415693403400000494e-02 1.287197596259999910e-01 1.888096857890000091e-01 2.471766469710000025e-01 2.967812579229999748e-01 3.316423041720000242e-01 3.475529452369999772e-01 3.425941001680000153e-01 3.173658284590000211e-01 2.749100640589999811e-01 2.203478006240000009e-01 1.602574897160000122e-01 1.018909156849999997e-01 5.228575902200000014e-02 1.742564658600000149e-02 1.509182759999999970e-03
8.800000000000000000e+01 5.383529320999999764e-03 2.909264088299999898e-02 7.034190153100000620e-02 1.241600074380000002e-01 1.840538431110000095e-01 2.427974665640000029e-01 2.933104242949999829e-01 3.294935195779999937e-01 3.469880697509999945e-01 3.436803289340000234e-01 3.199723057830000106e-01 2.787234601449999905e-01 2.249046839230000039e-01 1.650139775209999993e-01 1.062688328409999994e-01 5.575803688599999947e-02 1.957299867899999976e-02 2.077474916999999966e-03
8.900000000000000000e+01 4.401608345999999915e-03 2.657494846800000088e-02 6.659412790499999457e-02 1.196338800920000028e-01 1.792935757770000027e-01 2.383794009930000068e-01 2.897644273960000016e-01 3.272513960049999726e-01 3.463184233409999924e-01 3.446653310680000137e-01 3.224904658100000154e-01 2.824715801570000240e-01 2.294344699520000086e-01 1.697734294809999933e-01 1.106862789050000045e-01 5.930143178899999895e-02 2.181473272099999916e-02 2.748329151000000140e-03
9.000000000000000000e+01 3.522818356999999918e-03 2.414940360500000133e-02 6.291402354599999469e-02 1.151422466700000036e-01 1.745309437429999888e-01 2.339240997260000066e-01 2.861503461680000027e-01 3.249162448540000026e-01 3.455442920039999977e-01 3.455420548929999947e-01 3.249178189160000230e-01 2.861511789419999841e-01 2.339221587030000105e-01 1.745318961589999995e-01 1.151425683700000036e-01 6.291386179400000611e-02 2.414938307999999964e-02 3.522878540000000131e-03
