# 25 columns: angles [deg], flux factor slices 0, ..., 23
0.000000000000000000e+00 5.352361388400000280e-02 1.569233514099999949e-01 2.496286818200000035e-01 3.253227775490000195e-01 3.788461120459999942e-01 4.065520472210000236e-01 4.065520103099999893e-01 3.788461770870000245e-01 3.253226217769999984e-01 2.496286574980000061e-01 1.569233239729999896e-01 5.352356772200000251e-02 -0.000000000000000000e+00 -0.000000000000000000e+00 -0.000000000000000000e+00 -0.000000000000000000e+00 -0.000000000000000000e+00 -0.000000000000000000e+00 -0.000000000000000000e+00 -0.000000000000000000e+00 -0.000000000000000000e+00 -0.000000000000000000e+00 -0.000000000000000000e+00 -0.000000000000000000e+00
1.000000000000000000e+00 5.351547484199999788e-02 1.568995953070000116e-01 2.495908312419999886e-01 3.252724594160000260e-01 3.787881090429999764e-01 4.064900566080000277e-01 4.064900702220000106e-01 3.787888256270000031e-01 3.252723446049999856e-01 2.495911416250000125e-01 1.568990827990000003e-01 5.375514978800000065e-02 2.392212319999999866e-04 -0.000000000000000000e+00 -0.000000000000000000e+00 -0.000000000000000000e+00 -0.000000000000000000e+00 -0.000000000000000000e+00 -0.000000000000000000e+00 -0.000000000000000000e+00 -0.000000000000000000e+00 -0.000000000000000000e+00 -0.000000000000000000e+00 -0.000000000000000000e+00
2.000000000000000000e+00 5.349107388700000132e-02 1.568277192689999933e-01 2.494774038379999892e-01 3.251247377379999914e-01 3.786152925449999818e-01 4.063046335809999965e-01 4.063046104320000018e-01 3.786156259099999755e-01 3.251240415389999860e-01 2.494763055439999933e-01 1.568274164610000132e-01 5.444767306900000214e-02 9.568930420000000504e-04 -0.000000000000000000e+00 -0.000000000000000000e+00 -0.000000000000000000e+00 -0.000000000000000000e+00 -0.000000000000000000e+00 -0.000000000000000000e+00 -0.000000000000000000e+00 -0.000000000000000000e+00 -0.000000000000000000e+00 -0.000000000000000000e+00 -0.000000000000000000e+00
3.000000000000000000e+00 5.345024812000000181e-02 1.567079465860000131e-01 2.492859931460000011e-01 3.248768136290000053e-01 3.783264190789999981e-01 4.059957901340000008e-01 4.059951204680000147e-01 3.783271963440000274e-01 3.248765950699999960e-01 2.492861824660000114e-01 1.567082362760000014e-01 5.560330683599999657e-02 2.152650479000000130e-03 -0.000000000000000000e+00 -0.000000000000000000e+00 -0.000000000000000000e+00 -0.000000000000000000e+00 -0.000000000000000000e+00 -0.000000000000000000e+00 -0.000000000000000000e+00 -0.000000000000000000e+00 -0.000000000000000000e+00 -0.000000000000000000e+00 -0.000000000000000000e+00
4.000000000000000000e+00 5.339316299900000173e-02 1.565410419690000110e-01 2.490204798969999911e-01 3.245297734009999768e-01 3.779231902819999989e-01 4.055620760779999889e-01 4.055617613090000129e-01 3.779232087120000250e-01 3.245296577249999759e-01 2.490204131579999980e-01 1.565410820700000039e-01 5.721962889699999666e-02 3.826345506999999802e-03 -0.000000000000000000e+00 -0.000000000000000000e+00 -0.000000000000000000e+00 -0.000000000000000000e+00 -0.000000000000000000e+00 -0.000000000000000000e+00 -0.000000000000000000e+00 -0.000000000000000000e+00 -0.000000000000000000e+00 -0.000000000000000000e+00 -0.000000000000000000e+00
5.000000000000000000e+00 5.332002570299999855e-02 1.563255679130000075e-01 2.486792696300000050e-01 3.240852414689999739e-01 3.774042851080000038e-01 4.050042978389999937e-01 4.050053662199999960e-01 3.774045957059999901e-01 3.240858543860000163e-01 2.486794374109999872e-01 1.563259478659999868e-01 5.929720400599999830e-02 5.977349342000000225e-03 -0.000000000000000000e+00 -0.000000000000000000e+00 -0.000000000000000000e+00 -0.000000000000000000e+00 -0.000000000000000000e+00 -0.000000000000000000e+00 -0.000000000000000000e+00 -0.000000000000000000e+00 -0.000000000000000000e+00 -0.000000000000000000e+00 -0.000000000000000000e+00
6.000000000000000000e+00 5.323026347600000319e-02 1.560632891550000068e-01 2.482612670480000006e-01 3.235395297959999805e-01 3.767699930319999835e-01 4.043249070550000157e-01 4.043245392059999777e-01 3.767700282270000089e-01 3.235407344899999815e-01 2.482605288630000129e-01 1.560633149960000132e-01 6.183499901100000112e-02 8.604967241999999725e-03 -0.000000000000000000e+00 -0.000000000000000000e+00 -0.000000000000000000e+00 -0.000000000000000000e+00 -0.000000000000000000e+00 -0.000000000000000000e+00 -0.000000000000000000e+00 -0.000000000000000000e+00 -0.000000000000000000e+00 -0.000000000000000000e+00 -0.000000000000000000e+00
7.000000000000000000e+00 5.312447080899999896e-02 1.557532408729999929e-01 2.477686064890000095e-01 3.228977563689999775e-01 3.760219205850000024e-01 4.035217549130000192e-01 4.035211506829999850e-01 3.760236741870000010e-01 3.228973021459999870e-01 2.477687580919999966e-01 1.557524472830000006e-01 6.483281210899999314e-02 1.170863399100000035e-02 -0.000000000000000000e+00 -0.000000000000000000e+00 -0.000000000000000000e+00 -0.000000000000000000e+00 -0.000000000000000000e+00 -0.000000000000000000e+00 -0.000000000000000000e+00 -0.000000000000000000e+00 -0.000000000000000000e+00 -0.000000000000000000e+00 -0.000000000000000000e+00
8.000000000000000000e+00 5.300262720900000141e-02 1.553959172799999899e-01 2.471996878059999903e-01 3.221561298730000189e-01 3.751591471779999742e-01 4.025957269000000061e-01 4.025951856369999748e-01 3.751595669950000267e-01 3.221568575939999790e-01 2.471994720940000057e-01 1.554097920710000025e-01 6.827499955099999851e-02 1.527221963599999927e-02 1.435274000000000008e-05 -0.000000000000000000e+00 -0.000000000000000000e+00 -0.000000000000000000e+00 -0.000000000000000000e+00 -0.000000000000000000e+00 -0.000000000000000000e+00 -0.000000000000000000e+00 -0.000000000000000000e+00 -0.000000000000000000e+00 -0.000000000000000000e+00
9.000000000000000000e+00 5.286473407899999755e-02 1.549912296710000137e-01 2.465552015549999920e-01 3.213171388139999807e-01 3.741823769859999871e-01 4.015468272500000158e-01 4.015471665059999751e-01 3.741819021039999860e-01 3.213174092319999731e-01 2.465549426099999941e-01 1.552035699419999915e-01 7.199130608400000630e-02 1.912722357899999948e-02 2.117256790000000073e-04 -0.000000000000000000e+00 -0.000000000000000000e+00 -0.000000000000000000e+00 -0.000000000000000000e+00 -0.000000000000000000e+00 -0.000000000000000000e+00 -0.000000000000000000e+00 -0.000000000000000000e+00 -0.000000000000000000e+00 -0.000000000000000000e+00
1.000000000000000000e+01 5.271052081299999748e-02 1.545393038619999881e-01 2.458364706950000034e-01 3.203798948850000161e-01 3.730912173100000007e-01 4.003750186339999906e-01 4.003764887610000156e-01 3.730906923230000172e-01 3.203793815050000049e-01 2.458355474629999871e-01 1.552625682509999883e-01 7.585188519799999918e-02 2.314152711000000071e-02 7.225474140000000050e-04 -0.000000000000000000e+00 -0.000000000000000000e+00 -0.000000000000000000e+00 -0.000000000000000000e+00 -0.000000000000000000e+00 -0.000000000000000000e+00 -0.000000000000000000e+00 -0.000000000000000000e+00 -0.000000000000000000e+00 -0.000000000000000000e+00
1.100000000000000000e+01 5.254006443700000306e-02 1.540396886089999973e-01 2.450416636159999939e-01 3.193454159979999818e-01 3.718860637659999746e-01 3.990820424689999757e-01 3.990822938790000163e-01 3.718860078460000107e-01 3.193451197739999858e-01 2.450415447029999916e-01 1.556417209210000097e-01 7.979762020300000536e-02 2.725897440700000146e-02 1.601931958000000090e-03 -0.000000000000000000e+00 -0.000000000000000000e+00 -0.000000000000000000e+00 -0.000000000000000000e+00 -0.000000000000000000e+00 -0.000000000000000000e+00 -0.000000000000000000e+00 -0.000000000000000000e+00 -0.000000000000000000e+00 -0.000000000000000000e+00
1.200000000000000000e+01 5.235413935000000213e-02 1.534944152190000077e-01 2.441737111579999897e-01 3.182137800450000054e-01 3.705668796120000219e-01 3.976671839140000220e-01 3.976685361619999859e-01 3.705680533149999789e-01 3.182138196329999946e-01 2.441742887099999926e-01 1.563754100049999929e-01 8.379850110500000615e-02 3.144485828000000149e-02 2.880789826000000088e-03 -0.000000000000000000e+00 -0.000000000000000000e+00 -0.000000000000000000e+00 -0.000000000000000000e+00 -0.000000000000000000e+00 -0.000000000000000000e+00 -0.000000000000000000e+00 -0.000000000000000000e+00 -0.000000000000000000e+00 -0.000000000000000000e+00
1.300000000000000000e+01 5.215176711499999729e-02 1.529014543020000005e-01 2.432306314179999984e-01 3.169847638950000213e-01 3.691364573079999878e-01 3.961314377430000255e-01 3.961319646690000251e-01 3.691357559480000217e-01 3.169851730470000239e-01 2.432308976620000118e-01 1.574825742029999920e-01 8.783252308599999447e-02 3.568080676399999762e-02 4.578899622000000107e-03 -0.000000000000000000e+00 -0.000000000000000000e+00 -0.000000000000000000e+00 -0.000000000000000000e+00 -0.000000000000000000e+00 -0.000000000000000000e+00 -0.000000000000000000e+00 -0.000000000000000000e+00 -0.000000000000000000e+00 -0.000000000000000000e+00
1.400000000000000000e+01 5.193385202899999942e-02 1.522615984329999950e-01 2.422139936459999920e-01 3.156594630969999926e-01 3.675929043330000145e-01 3.944762338999999729e-01 3.944762361049999888e-01 3.675912860119999737e-01 3.156603820550000217e-01 2.422138701060000121e-01 1.589716801040000071e-01 9.188288797099999905e-02 3.995014551699999777e-02 6.708956934000000032e-03 -0.000000000000000000e+00 -0.000000000000000000e+00 -0.000000000000000000e+00 -0.000000000000000000e+00 -0.000000000000000000e+00 -0.000000000000000000e+00 -0.000000000000000000e+00 -0.000000000000000000e+00 -0.000000000000000000e+00 -0.000000000000000000e+00
1.500000000000000000e+01 5.169993276100000312e-02 1.515763917290000040e-01 2.411228013310000029e-01 3.142388537899999945e-01 3.659361085219999810e-01 3.927000078869999911e-01 3.926996230300000001e-01 3.659381471009999776e-01 3.142370155029999834e-01 2.411243976380000043e-01 1.608570665329999982e-01 9.594299231099999437e-02 4.424328164500000021e-02 9.280403362999999420e-03 -0.000000000000000000e+00 -0.000000000000000000e+00 -0.000000000000000000e+00 -0.000000000000000000e+00 -0.000000000000000000e+00 -0.000000000000000000e+00 -0.000000000000000000e+00 -0.000000000000000000e+00 -0.000000000000000000e+00 -0.000000000000000000e+00
1.600000000000000000e+01 5.145026943299999683e-02 1.508443664609999957e-01 2.399591065720000083e-01 3.127190516860000047e-01 3.641699146660000164e-01 3.908012703750000094e-01 3.908038786490000138e-01 3.641703562179999798e-01 3.127209273020000180e-01 2.400155836300000012e-01 1.630872036200000097e-01 1.000014436790000044e-01 4.855127179399999771e-02 1.224190736699999962e-02 5.691691299999999937e-05 -0.000000000000000000e+00 -0.000000000000000000e+00 -0.000000000000000000e+00 -0.000000000000000000e+00 -0.000000000000000000e+00 -0.000000000000000000e+00 -0.000000000000000000e+00 -0.000000000000000000e+00 -0.000000000000000000e+00
1.700000000000000000e+01 5.118505509400000236e-02 1.500666102229999965e-01 2.387219679289999952e-01 3.111071941340000091e-01 3.622936813809999879e-01 3.887875512649999754e-01 3.887864288430000204e-01 3.622941856699999907e-01 3.111051769439999726e-01 2.390349735479999904e-01 1.655219186920000030e-01 1.040521576559999967e-01 5.286721022299999823e-02 1.545507973299999928e-02 3.129915999999999731e-04 -0.000000000000000000e+00 -0.000000000000000000e+00 -0.000000000000000000e+00 -0.000000000000000000e+00 -0.000000000000000000e+00 -0.000000000000000000e+00 -0.000000000000000000e+00 -0.000000000000000000e+00 -0.000000000000000000e+00
1.800000000000000000e+01 5.090390661900000280e-02 1.492425235869999922e-01 2.374111948610000133e-01 3.094005038779999994e-01 3.603028495009999999e-01 3.866541372560000078e-01 3.866542126699999971e-01 3.603033892970000096e-01 3.094014683920000008e-01 2.382516707239999976e-01 1.680953376419999923e-01 1.080918207490000060e-01 5.718773237299999701e-02 1.885305283600000048e-02 8.398779419999999720e-04 -0.000000000000000000e+00 -0.000000000000000000e+00 -0.000000000000000000e+00 -0.000000000000000000e+00 -0.000000000000000000e+00 -0.000000000000000000e+00 -0.000000000000000000e+00 -0.000000000000000000e+00 -0.000000000000000000e+00
1.900000000000000000e+01 5.060758739300000308e-02 1.483735388009999878e-01 2.360286773749999956e-01 3.075979681179999981e-01 3.582054453349999834e-01 3.844022080360000038e-01 3.844037981119999836e-01 3.582075541029999810e-01 3.075984405089999818e-01 2.377085030249999897e-01 1.707675609450000076e-01 1.121132776719999946e-01 6.150536744300000302e-02 2.239246243900000141e-02 1.680842182000000023e-03 -0.000000000000000000e+00 -0.000000000000000000e+00 -0.000000000000000000e+00 -0.000000000000000000e+00 -0.000000000000000000e+00 -0.000000000000000000e+00 -0.000000000000000000e+00 -0.000000000000000000e+00 -0.000000000000000000e+00
2.000000000000000000e+01 5.029549497799999658e-02 1.474598074319999896e-01 2.345738563729999893e-01 3.057038353800000108e-01 3.559995229139999995e-01 3.820326992920000109e-01 3.820335679299999843e-01 3.559990878729999975e-01 3.057020816959999943e-01 2.374414732089999980e-01 1.735041050270000051e-01 1.161154915670000037e-01 6.581907567700000239e-02 2.604464371100000120e-02 2.866225590999999830e-03 -0.000000000000000000e+00 -0.000000000000000000e+00 -0.000000000000000000e+00 -0.000000000000000000e+00 -0.000000000000000000e+00 -0.000000000000000000e+00 -0.000000000000000000e+00 -0.000000000000000000e+00 -0.000000000000000000e+00
2.100000000000000000e+01 4.996842208800000157e-02 1.465003979060000017e-01 2.330482166249999987e-01 3.037154586220000008e-01 3.536827634909999740e-01 3.795480455069999981e-01 3.795485577980000080e-01 3.536827209310000053e-01 3.037170769409999749e-01 2.374665592809999948e-01 1.762886126329999970e-01 1.200943866649999969e-01 7.012456480100000278e-02 2.978887352600000094e-02 4.418047215000000041e-03 -0.000000000000000000e+00 -0.000000000000000000e+00 -0.000000000000000000e+00 -0.000000000000000000e+00 -0.000000000000000000e+00 -0.000000000000000000e+00 -0.000000000000000000e+00 -0.000000000000000000e+00 -0.000000000000000000e+00
2.200000000000000000e+01 4.962584733400000198e-02 1.454964060639999945e-01 2.314521433539999951e-01 3.016339083760000150e-01 3.512610753670000197e-01 3.769486955219999991e-01 3.769491948029999873e-01 3.512609946649999926e-01 3.016340125309999731e-01 2.378052794149999871e-01 1.791039997489999869e-01 1.240453836720000064e-01 7.441977530799999407e-02 3.360723361299999823e-02 6.352623701999999747e-03 -0.000000000000000000e+00 -0.000000000000000000e+00 -0.000000000000000000e+00 -0.000000000000000000e+00 -0.000000000000000000e+00 -0.000000000000000000e+00 -0.000000000000000000e+00 -0.000000000000000000e+00 -0.000000000000000000e+00
2.300000000000000000e+01 4.926873404800000134e-02 1.444481346450000037e-01 2.297839159239999929e-01 2.994610404570000051e-01 3.487299510099999833e-01 3.742326635420000214e-01 3.742329820829999876e-01 3.487312435980000069e-01 2.994709594539999853e-01 2.384600978030000096e-01 1.819348211360000134e-01 1.279694317339999943e-01 7.870015967599999773e-02 3.748605436699999766e-02 8.675746306999999879e-03 8.254138999999999476e-06 -0.000000000000000000e+00 -0.000000000000000000e+00 -0.000000000000000000e+00 -0.000000000000000000e+00 -0.000000000000000000e+00 -0.000000000000000000e+00 -0.000000000000000000e+00 -0.000000000000000000e+00
2.400000000000000000e+01 4.889619147999999665e-02 1.433567491549999906e-01 2.280467312549999959e-01 2.971960587790000163e-01 3.460930508510000059e-01 3.714048191570000212e-01 3.714031020119999971e-01 3.460932157700000178e-01 2.973234453110000231e-01 2.393434612310000043e-01 1.847718267529999958e-01 1.318612041549999947e-01 8.296474531700000210e-02 4.141691266300000229e-02 1.129501435000000026e-02 1.261677209999999922e-04 -0.000000000000000000e+00 -0.000000000000000000e+00 -0.000000000000000000e+00 -0.000000000000000000e+00 -0.000000000000000000e+00 -0.000000000000000000e+00 -0.000000000000000000e+00 -0.000000000000000000e+00
2.500000000000000000e+01 4.850847987799999927e-02 1.422203847029999968e-01 2.262407685729999895e-01 2.948419164289999839e-01 3.433507257539999968e-01 3.684601616140000258e-01 3.684609186339999898e-01 3.433496374130000084e-01 2.952854191329999933e-01 2.403691299900000133e-01 1.876085915369999912e-01 1.357211452379999961e-01 8.721035623900000311e-02 4.538771947600000328e-02 1.412880141599999993e-02 4.440202839999999977e-04 -0.000000000000000000e+00 -0.000000000000000000e+00 -0.000000000000000000e+00 -0.000000000000000000e+00 -0.000000000000000000e+00 -0.000000000000000000e+00 -0.000000000000000000e+00 -0.000000000000000000e+00
2.600000000000000000e+01 4.810684428200000251e-02 1.410418551110000085e-01 2.243641078660000010e-01 2.923976753099999937e-01 3.405049163350000185e-01 3.654048729100000115e-01 3.654056555279999730e-01 3.405056574440000206e-01 2.934088481270000215e-01 2.414973975609999990e-01 1.904346007069999958e-01 1.395430515230000057e-01 9.143590454800000489e-02 4.939260241400000168e-02 1.713388050500000079e-02 1.011143564000000069e-03 -0.000000000000000000e+00 -0.000000000000000000e+00 -0.000000000000000000e+00 -0.000000000000000000e+00 -0.000000000000000000e+00 -0.000000000000000000e+00 -0.000000000000000000e+00 -0.000000000000000000e+00
2.700000000000000000e+01 4.769027445400000204e-02 1.398196188499999937e-01 2.224209174590000004e-01 2.898649265150000098e-01 3.375547744790000082e-01 3.622411279650000204e-01 3.622411450599999916e-01 3.375530332539999900e-01 2.917270941299999754e-01 2.427023740879999947e-01 1.932420622640000085e-01 1.433285391770000028e-01 9.564057109100000675e-02 5.342385001100000141e-02 2.028055413500000001e-02 1.862208256000000024e-03 -0.000000000000000000e+00 -0.000000000000000000e+00 -0.000000000000000000e+00 -0.000000000000000000e+00 -0.000000000000000000e+00 -0.000000000000000000e+00 -0.000000000000000000e+00 -0.000000000000000000e+00
2.800000000000000000e+01 4.725841605699999948e-02 1.385545161060000030e-01 2.204091771239999886e-01 2.872419406960000088e-01 3.345014829380000276e-01 3.589626093430000053e-01 3.589627537330000173e-01 3.345020719210000104e-01 2.902664669600000247e-01 2.439557927630000012e-01 1.960297157779999910e-01 1.470786430759999930e-01 9.981922099100000445e-02 5.747584796099999838e-02 2.354679057500000047e-02 3.023496412000000171e-03 -0.000000000000000000e+00 -0.000000000000000000e+00 -0.000000000000000000e+00 -0.000000000000000000e+00 -0.000000000000000000e+00 -0.000000000000000000e+00 -0.000000000000000000e+00 -0.000000000000000000e+00
2.900000000000000000e+01 4.681292683499999746e-02 1.372478364789999905e-01 2.183307067390000133e-01 2.845331905149999785e-01 3.313476814119999947e-01 3.555782088450000211e-01 3.555798349520000179e-01 3.313461917680000091e-01 2.890502187160000069e-01 2.452466673829999944e-01 1.987897855350000131e-01 1.507864700950000136e-01 1.039732271260000035e-01 6.154337303600000003e-02 2.691559642099999872e-02 4.515303663000000411e-03 -0.000000000000000000e+00 -0.000000000000000000e+00 -0.000000000000000000e+00 -0.000000000000000000e+00 -0.000000000000000000e+00 -0.000000000000000000e+00 -0.000000000000000000e+00 -0.000000000000000000e+00
3.000000000000000000e+01 4.635261125799999826e-02 1.358996639850000021e-01 2.161846313290000099e-01 2.817373122840000077e-01 3.280903097389999967e-01 3.520837789039999999e-01 3.520854898269999977e-01 3.280907265440000109e-01 2.880916236380000051e-01 2.465576137849999905e-01 2.015229567569999936e-01 1.544512596610000121e-01 1.080987050910000025e-01 6.562272311000000302e-02 3.037018121700000087e-02 6.354678138000000205e-03 -0.000000000000000000e+00 -0.000000000000000000e+00 -0.000000000000000000e+00 -0.000000000000000000e+00 -0.000000000000000000e+00 -0.000000000000000000e+00 -0.000000000000000000e+00 -0.000000000000000000e+00
3.100000000000000000e+01 4.587876921999999719e-02 1.345093847570000001e-01 2.139743371760000068e-01 2.788556059499999740e-01 3.247334939320000169e-01 3.484843777309999946e-01 3.484855927750000193e-01 3.247717780930000075e-01 2.873727956589999799e-01 2.478753200509999921e-01 2.042195853090000013e-01 1.580734913429999999e-01 1.121950090219999974e-01 6.970938504399999680e-02 3.390141034300000328e-02 8.515977200000000163e-03 3.936696599999999798e-05 -0.000000000000000000e+00 -0.000000000000000000e+00 -0.000000000000000000e+00 -0.000000000000000000e+00 -0.000000000000000000e+00 -0.000000000000000000e+00 -0.000000000000000000e+00
3.200000000000000000e+01 4.539043889700000028e-02 1.330783876099999874e-01 2.116976880279999862e-01 2.758890840329999983e-01 3.212790880699999962e-01 3.447742453770000215e-01 3.447742067630000240e-01 3.214988573409999773e-01 2.867971813910000223e-01 2.491958185100000001e-01 2.068768503869999886e-01 1.616521595650000087e-01 1.162616879599999986e-01 7.380024264199999684e-02 3.749754147699999735e-02 1.090783751700000019e-02 2.194566879999999961e-04 -0.000000000000000000e+00 -0.000000000000000000e+00 -0.000000000000000000e+00 -0.000000000000000000e+00 -0.000000000000000000e+00 -0.000000000000000000e+00 -0.000000000000000000e+00
3.300000000000000000e+01 4.488870455400000015e-02 1.316070864170000021e-01 2.093569021189999879e-01 2.728384157050000036e-01 3.177274291500000181e-01 3.409618224620000193e-01 3.409629201559999934e-01 3.183250100669999805e-01 2.863236797520000154e-01 2.505089308089999967e-01 2.094951983199999923e-01 1.651840012109999922e-01 1.202928522760000063e-01 7.788888375800000208e-02 4.115114311799999980e-02 1.348490380799999971e-02 5.962026410000000358e-04 -0.000000000000000000e+00 -0.000000000000000000e+00 -0.000000000000000000e+00 -0.000000000000000000e+00 -0.000000000000000000e+00 -0.000000000000000000e+00 -0.000000000000000000e+00
3.400000000000000000e+01 4.437312508900000119e-02 1.300950361859999904e-01 2.069511927350000113e-01 2.697042254229999880e-01 3.140781099730000081e-01 3.370474266879999736e-01 3.370480330939999991e-01 3.152838927070000241e-01 2.859220936149999837e-01 2.518048729249999784e-01 2.120698744299999994e-01 1.686671926220000006e-01 1.242940630759999943e-01 8.197629421100000036e-02 4.485265447600000205e-02 1.621679984000000060e-02 1.207114335999999975e-03 -0.000000000000000000e+00 -0.000000000000000000e+00 -0.000000000000000000e+00 -0.000000000000000000e+00 -0.000000000000000000e+00 -0.000000000000000000e+00 -0.000000000000000000e+00
3.500000000000000000e+01 4.384407869399999796e-02 1.285439232499999973e-01 2.044841241279999888e-01 2.664879908359999994e-01 3.103325407179999829e-01 3.330280336690000231e-01 3.330297901739999733e-01 3.124132997160000147e-01 2.855714321160000013e-01 2.530830641089999999e-01 2.146007542810000057e-01 1.721024359920000080e-01 1.282586022960000016e-01 8.605719994200000666e-02 4.859781001300000208e-02 1.908161694300000016e-02 2.080458055000000087e-03 -0.000000000000000000e+00 -0.000000000000000000e+00 -0.000000000000000000e+00 -0.000000000000000000e+00 -0.000000000000000000e+00 -0.000000000000000000e+00 -0.000000000000000000e+00
3.600000000000000000e+01 4.330152934200000303e-02 1.269533992820000012e-01 2.019538938319999921e-01 2.631909510400000096e-01 3.064938093690000032e-01 3.289072614110000181e-01 3.289093504230000131e-01 3.097327993940000024e-01 2.852551917819999838e-01 2.543324081810000026e-01 2.170834680260000094e-01 1.754871575370000047e-01 1.321862944980000121e-01 9.012858797799999655e-02 5.237827543700000060e-02 2.206204152100000107e-02 3.239266856999999805e-03 -0.000000000000000000e+00 -0.000000000000000000e+00 -0.000000000000000000e+00 -0.000000000000000000e+00 -0.000000000000000000e+00 -0.000000000000000000e+00 -0.000000000000000000e+00
3.700000000000000000e+01 4.274610881000000251e-02 1.253243612820000019e-01 1.993625500910000126e-01 2.598146419580000255e-01 3.025607072939999753e-01 3.246872143810000111e-01 3.246859554400000070e-01 3.072627515379999785e-01 2.849583170669999777e-01 2.555531580829999982e-01 2.195143223699999868e-01 1.788222361719999931e-01 1.360754970040000122e-01 9.418972763400000614e-02 5.619092818399999689e-02 2.514459761400000132e-02 4.701397684000000257e-03 -0.000000000000000000e+00 -0.000000000000000000e+00 -0.000000000000000000e+00 -0.000000000000000000e+00 -0.000000000000000000e+00 -0.000000000000000000e+00 -0.000000000000000000e+00
3.800000000000000000e+01 4.217707137300000242e-02 1.236571678970000004e-01 1.967096032029999886e-01 2.563580759299999845e-01 2.985339217760000219e-01 3.203687201589999756e-01 3.203723211289999928e-01 3.050108611619999910e-01 2.846721498220000091e-01 2.567390844490000101e-01 2.218957085409999919e-01 1.821032490429999873e-01 1.399253711550000057e-01 9.823844860699999793e-02 6.002919713999999712e-02 2.831621361100000039e-02 6.476680262999999667e-03 6.088841999999999936e-06 -0.000000000000000000e+00 -0.000000000000000000e+00 -0.000000000000000000e+00 -0.000000000000000000e+00 -0.000000000000000000e+00 -0.000000000000000000e+00
3.900000000000000000e+01 4.159603774900000328e-02 1.219523388869999947e-01 1.939978311109999964e-01 2.528219794289999767e-01 2.944184977939999781e-01 3.159508521750000187e-01 3.160449654260000241e-01 3.029213862089999987e-01 2.843918953289999996e-01 2.578877619769999741e-01 2.242215744209999917e-01 1.853310641170000106e-01 1.437354263260000042e-01 1.022686159779999937e-01 6.388894194999999998e-02 3.156801043699999920e-02 8.502055305999999327e-03 9.380841899999999988e-05 -0.000000000000000000e+00 -0.000000000000000000e+00 -0.000000000000000000e+00 -0.000000000000000000e+00 -0.000000000000000000e+00 -0.000000000000000000e+00
4.000000000000000000e+01 4.100151619200000097e-02 1.202104439359999999e-01 1.912265216840000059e-01 2.492125629839999912e-01 2.902133123560000083e-01 3.114377523740000098e-01 3.117687927319999774e-01 3.009330892020000148e-01 2.841035489290000271e-01 2.589936802109999991e-01 2.264921899160000085e-01 1.885058701000000003e-01 1.475042241829999934e-01 1.062831938510000046e-01 6.776695777400000564e-02 3.489149958200000318e-02 1.071983269299999972e-02 3.325594350000000087e-04 -0.000000000000000000e+00 -0.000000000000000000e+00 -0.000000000000000000e+00 -0.000000000000000000e+00 -0.000000000000000000e+00 -0.000000000000000000e+00
4.100000000000000000e+01 4.039463154200000072e-02 1.184314530860000048e-01 1.883969351770000134e-01 2.455233160779999868e-01 2.859175986229999800e-01 3.068279440300000216e-01 3.075912775160000168e-01 2.990179706869999787e-01 2.838022422929999955e-01 2.600554424029999923e-01 2.287064748700000094e-01 1.916217785819999964e-01 1.512305234200000126e-01 1.102768237030000015e-01 7.165831359400000322e-02 3.827808518399999915e-02 1.309834764199999980e-02 7.625851679999999565e-04 -0.000000000000000000e+00 -0.000000000000000000e+00 -0.000000000000000000e+00 -0.000000000000000000e+00 -0.000000000000000000e+00 -0.000000000000000000e+00
4.200000000000000000e+01 3.977578597499999841e-02 1.166166880820000001e-01 1.855103921559999869e-01 2.417614395669999972e-01 2.815376222679999985e-01 3.021285185220000113e-01 3.035397992439999859e-01 2.971542134369999921e-01 2.834844280969999741e-01 2.610713524089999793e-01 2.308630252109999947e-01 1.946842861689999926e-01 1.549106266159999967e-01 1.142469506830000037e-01 7.556024541599999644e-02 4.172085844799999776e-02 1.561629493100000036e-02 1.413671471000000094e-03 -0.000000000000000000e+00 -0.000000000000000000e+00 -0.000000000000000000e+00 -0.000000000000000000e+00 -0.000000000000000000e+00 -0.000000000000000000e+00
4.300000000000000000e+01 3.914468491900000013e-02 1.147663465780000003e-01 1.825673891150000061e-01 2.379251927599999872e-01 2.770724342129999851e-01 2.973354849150000034e-01 2.996432908489999880e-01 2.953280419909999899e-01 2.831406765100000222e-01 2.620380108559999810e-01 2.329592018839999890e-01 1.976888485799999928e-01 1.585419786110000007e-01 1.181955710550000038e-01 7.946993967500000366e-02 4.521505247500000324e-02 1.825757244100000010e-02 2.309385351000000069e-03 -0.000000000000000000e+00 -0.000000000000000000e+00 -0.000000000000000000e+00 -0.000000000000000000e+00 -0.000000000000000000e+00 -0.000000000000000000e+00
4.400000000000000000e+01 3.850166375999999890e-02 1.128811684900000029e-01 1.795676189690000035e-01 2.340169844489999873e-01 2.725190071290000127e-01 2.924492100919999782e-01 2.959184630050000209e-01 2.935280623870000216e-01 2.827714012920000131e-01 2.629516623290000243e-01 2.349956836340000021e-01 2.006315281959999974e-01 1.621301206759999947e-01 1.221152095599999932e-01 8.338366809599999374e-02 4.875306875499999665e-02 2.100717554499999945e-02 3.469171158999999859e-03 -0.000000000000000000e+00 -0.000000000000000000e+00 -0.000000000000000000e+00 -0.000000000000000000e+00 -0.000000000000000000e+00 -0.000000000000000000e+00
4.500000000000000000e+01 3.784705552699999670e-02 1.109613142689999943e-01 1.765147143059999923e-01 2.300372359129999877e-01 2.678850868070000169e-01 2.874758549759999782e-01 2.923854310569999893e-01 2.917406746999999800e-01 2.823701268919999730e-01 2.638151224909999759e-01 2.369712225839999964e-01 2.035170618640000095e-01 1.656707803459999961e-01 1.260084767100000114e-01 8.729918218799999352e-02 5.233219379199999938e-02 2.385561106200000114e-02 4.909282469999999912e-03 0.000000000000000000e+00 -0.000000000000000000e+00 -0.000000000000000000e+00 -0.000000000000000000e+00 -0.000000000000000000e+00 -0.000000000000000000e+00
4.600000000000000000e+01 3.718073728299999686e-02 1.090082651359999960e-01 1.734069130610000065e-01 2.259894484049999874e-01 2.631688727629999947e-01 2.824451938399999973e-01 2.890280530859999919e-01 2.899595228829999760e-01 2.819363190870000091e-01 2.646190339380000145e-01 2.388816210049999889e-01 2.063408674760000006e-01 1.691604180659999901e-01 1.298746772350000134e-01 9.121203558200000061e-02 5.594807748800000036e-02 2.679200451499999872e-02 6.614022374000000024e-03 3.005395500000000082e-05 -0.000000000000000000e+00 -0.000000000000000000e+00 -0.000000000000000000e+00 -0.000000000000000000e+00 -0.000000000000000000e+00
4.700000000000000000e+01 3.650302529999999851e-02 1.070218521700000008e-01 1.702463205770000099e-01 2.218690038139999876e-01 2.583728485930000263e-01 2.774364975779999853e-01 2.857856786879999778e-01 2.881815362449999807e-01 2.814615135760000220e-01 2.653677488310000054e-01 2.407279121620000129e-01 2.091049527230000038e-01 1.726010362710000134e-01 1.337077762249999913e-01 9.512103466299999532e-02 5.959251238399999873e-02 2.980855979000000128e-02 8.516564667999999838e-03 1.683689840000000099e-04 -0.000000000000000000e+00 -0.000000000000000000e+00 -0.000000000000000000e+00 -0.000000000000000000e+00 -0.000000000000000000e+00
4.800000000000000000e+01 3.581436935500000029e-02 1.050022734870000030e-01 1.670340169950000064e-01 2.176828110590000032e-01 2.534967067359999993e-01 2.724959401540000270e-01 2.826174724709999975e-01 2.863955820519999973e-01 2.809483027760000251e-01 2.660589104389999848e-01 2.425108074569999883e-01 2.118047575099999968e-01 1.759884449580000065e-01 1.375081605500000081e-01 9.902537499600000404e-02 6.326572509399999711e-02 3.289810742600000198e-02 1.058281553099999980e-02 4.595522320000000019e-04 -0.000000000000000000e+00 -0.000000000000000000e+00 -0.000000000000000000e+00 -0.000000000000000000e+00 -0.000000000000000000e+00
4.900000000000000000e+01 3.511476981100000033e-02 1.029507818870000063e-01 1.637717139980000014e-01 2.134314696719999960e-01 2.485451074860000054e-01 2.676560240210000274e-01 2.795138837300000234e-01 2.845979609739999749e-01 2.803921880360000229e-01 2.666905241759999767e-01 2.442246740859999876e-01 2.144406602879999901e-01 1.793249249170000004e-01 1.412748215359999893e-01 1.029189260750000001e-01 6.696110307300000286e-02 3.605291733200000071e-02 1.279117975099999978e-02 9.344589130000000281e-04 -0.000000000000000000e+00 -0.000000000000000000e+00 -0.000000000000000000e+00 -0.000000000000000000e+00 -0.000000000000000000e+00
5.000000000000000000e+01 3.440389390000000297e-02 1.008687731009999949e-01 1.604584485199999910e-01 2.091133170159999999e-01 2.435185312610000097e-01 2.629446770070000272e-01 2.764521527229999998e-01 2.827856301780000137e-01 2.797933081830000224e-01 2.672610844459999968e-01 2.458749746070000020e-01 2.170133313139999964e-01 1.826094632349999913e-01 1.450066359699999918e-01 1.068020925100000018e-01 7.067949830599999650e-02 3.926945138599999968e-02 1.512580269700000007e-02 1.617284540000000093e-03 -0.000000000000000000e+00 -0.000000000000000000e+00 -0.000000000000000000e+00 -0.000000000000000000e+00 -0.000000000000000000e+00
5.100000000000000000e+01 3.368335380799999945e-02 9.875503900099999455e-02 1.570967202780000072e-01 2.047318474940000022e-01 2.384140390230000128e-01 2.583784777199999994e-01 2.734243681160000161e-01 2.809547974180000018e-01 2.791460651959999928e-01 2.677700021589999868e-01 2.474562072189999962e-01 2.195200012430000014e-01 1.858365067939999893e-01 1.487013632289999887e-01 1.106723637199999999e-01 7.441090685399999460e-02 4.253922550599999880e-02 1.757247749600000103e-02 2.527729486000000053e-03 -0.000000000000000000e+00 -0.000000000000000000e+00 -0.000000000000000000e+00 -0.000000000000000000e+00 -0.000000000000000000e+00
5.200000000000000000e+01 3.295229199599999936e-02 9.661139561400000630e-02 1.536870720480000008e-01 2.002894855479999958e-01 2.332418390930000029e-01 2.539806261640000229e-01 2.704204332549999812e-01 2.791017542020000075e-01 2.784490211460000086e-01 2.682162132059999760e-01 2.489704863749999941e-01 2.219591191889999926e-01 1.890089738809999920e-01 1.523558362059999893e-01 1.145270322640000032e-01 7.816035709799999676e-02 4.586062435200000120e-02 2.012110192799999864e-02 3.682490386999999823e-03 -0.000000000000000000e+00 -0.000000000000000000e+00 -0.000000000000000000e+00 -0.000000000000000000e+00 -0.000000000000000000e+00
5.300000000000000000e+01 3.221145162200000217e-02 9.443853593300000071e-02 1.502297498680000010e-01 1.957832172539999971e-01 2.279997858589999926e-01 2.497610358189999991e-01 2.674327196840000087e-01 2.772222911139999857e-01 2.777009229040000027e-01 2.685953551279999796e-01 2.504114442240000238e-01 2.243356038219999904e-01 1.921255009879999920e-01 1.559723745359999914e-01 1.183657528489999999e-01 8.192054426400000033e-02 4.922660737199999886e-02 2.276367575000000018e-02 5.091218556000000166e-03 4.679604000000000165e-06 -0.000000000000000000e+00 -0.000000000000000000e+00 -0.000000000000000000e+00 -0.000000000000000000e+00
5.400000000000000000e+01 3.146055094099999699e-02 9.223702796499999579e-02 1.467285691200000131e-01 1.912208920069999873e-01 2.227536980740000006e-01 2.456734116629999964e-01 2.644555730770000168e-01 2.753149254969999848e-01 2.769055011029999958e-01 2.689115942149999938e-01 2.517846134819999859e-01 2.266432474600000024e-01 1.951836362290000071e-01 1.595476187850000116e-01 1.221835180679999994e-01 8.568560318000000009e-02 5.263412128600000045e-02 2.549129382299999969e-02 6.707821121000000046e-03 7.232040200000000520e-05 -0.000000000000000000e+00 -0.000000000000000000e+00 -0.000000000000000000e+00 -0.000000000000000000e+00
5.500000000000000000e+01 3.069968399800000053e-02 9.000742737200000121e-02 1.431809730530000102e-01 1.865976225240000008e-01 2.175538605169999862e-01 2.416759776680000027e-01 2.614855569710000105e-01 2.733765706510000171e-01 2.760554431630000138e-01 2.691633584179999872e-01 2.530864741539999851e-01 2.288807991110000106e-01 1.981833373809999965e-01 1.630784228069999953e-01 1.259802335959999964e-01 8.945848253299999719e-02 5.607942536700000202e-02 2.829708299500000024e-02 8.489171103999999801e-03 2.572107310000000188e-04 -0.000000000000000000e+00 -0.000000000000000000e+00 -0.000000000000000000e+00 -0.000000000000000000e+00
5.600000000000000000e+01 2.993016746699999828e-02 8.775035482800000453e-02 1.395910675910000120e-01 1.819174836959999986e-01 2.124396151340000038e-01 2.377535547550000128e-01 2.585171761010000013e-01 2.714073488620000196e-01 2.751537095850000170e-01 2.693485155179999868e-01 2.543163077009999995e-01 2.310507208429999904e-01 2.011230151420000112e-01 1.665677966399999876e-01 1.297559408329999886e-01 9.323453151799999949e-02 5.955831617500000064e-02 3.117508422299999915e-02 1.041234063200000004e-02 5.914955760000000168e-04 -0.000000000000000000e+00 -0.000000000000000000e+00 -0.000000000000000000e+00 -0.000000000000000000e+00
5.700000000000000000e+01 2.915100519700000031e-02 8.546673225799999996e-02 1.359571616809999994e-01 1.771840280199999951e-01 2.074339126589999915e-01 2.338868454230000060e-01 2.555448501570000142e-01 2.694023543779999752e-01 2.741960478530000023e-01 2.694668143269999816e-01 2.554760089479999885e-01 2.331513268029999919e-01 2.040017423290000076e-01 1.700096402590000055e-01 1.335073032649999880e-01 9.701098384799999863e-02 6.306781140499999327e-02 3.411994220299999908e-02 1.246099804700000029e-02 1.099555751999999921e-03 -0.000000000000000000e+00 -0.000000000000000000e+00 -0.000000000000000000e+00 -0.000000000000000000e+00
5.800000000000000000e+01 2.836318104699999884e-02 8.315626581000000461e-02 1.322828313870000050e-01 1.723952985580000097e-01 2.025600070440000122e-01 2.300637342069999924e-01 2.525664358549999933e-01 2.673630686680000257e-01 2.731806296839999759e-01 2.695145105069999825e-01 2.565640298849999890e-01 2.351823309770000037e-01 2.068211025689999927e-01 1.734076940850000081e-01 1.372313643580000131e-01 1.007854640719999945e-01 6.660513030499999598e-02 3.712624590799999680e-02 1.462343581900000036e-02 1.801131945999999992e-03 -0.000000000000000000e+00 -0.000000000000000000e+00 -0.000000000000000000e+00 -0.000000000000000000e+00
5.900000000000000000e+01 2.756659872699999958e-02 8.082154203300000173e-02 1.285685296980000059e-01 1.675533139710000119e-01 1.978324095220000134e-01 2.262783998119999862e-01 2.495785409479999994e-01 2.652869132960000154e-01 2.721116515070000075e-01 2.694958230210000028e-01 2.575756258190000092e-01 2.371413170040000129e-01 2.095757110629999920e-01 1.767571701110000060e-01 1.409280328349999944e-01 1.045591662139999933e-01 7.016770074200000262e-02 4.019053458499999981e-02 1.688896505100000167e-02 2.712505770999999993e-03 -0.000000000000000000e+00 -0.000000000000000000e+00 -0.000000000000000000e+00 -0.000000000000000000e+00
6.000000000000000000e+01 2.676184196399999937e-02 7.846157267200000451e-02 1.248140422350000056e-01 1.626612240620000094e-01 1.932708914019999891e-01 2.225252800009999976e-01 2.465826403949999968e-01 2.631733760960000001e-01 2.709860529529999895e-01 2.694117229640000111e-01 2.585175331249999764e-01 2.390302893950000118e-01 2.122701377600000050e-01 1.800565861910000121e-01 1.445957355149999901e-01 1.083237926750000024e-01 7.374845906499999382e-02 4.330655588699999781e-02 1.924929929399999892e-02 3.848027597000000175e-03 0.000000000000000000e+00 -0.000000000000000000e+00 -0.000000000000000000e+00 -0.000000000000000000e+00
6.100000000000000000e+01 2.594875490199999996e-02 7.607808878999999802e-02 1.210223364359999942e-01 1.577423409079999894e-01 1.888667298349999968e-01 2.187979721420000023e-01 2.435723768180000082e-01 2.610189746089999763e-01 2.698019641469999730e-01 2.692557488780000230e-01 2.593843910609999748e-01 2.408462948729999942e-01 2.148979984119999964e-01 1.833068464940000031e-01 1.482323920960000041e-01 1.120834051910000045e-01 7.735111220199999971e-02 4.647264751300000246e-02 2.169748187599999933e-02 5.196959345000000050e-03 2.288986800000000166e-05 -0.000000000000000000e+00 -0.000000000000000000e+00 -0.000000000000000000e+00
6.200000000000000000e+01 2.512783752999999884e-02 7.367108070099999406e-02 1.171934397369999992e-01 1.528591567010000041e-01 1.845677563679999911e-01 2.150908583779999883e-01 2.405468359290000024e-01 2.588272276349999901e-01 2.685606978219999830e-01 2.690278554389999854e-01 2.601752676010000154e-01 2.425890328720000100e-01 2.174620835830000098e-01 1.865052988689999969e-01 1.518356576419999937e-01 1.158295613839999960e-01 8.097044873400000009e-02 4.968331575700000308e-02 2.422689782799999914e-02 6.709939181000000412e-03 1.284365070000000086e-04 -0.000000000000000000e+00 -0.000000000000000000e+00 -0.000000000000000000e+00
6.300000000000000000e+01 2.429913686300000028e-02 7.124225884500000328e-02 1.133297578450000037e-01 1.480446650059999980e-01 1.803554117299999981e-01 2.114032462509999877e-01 2.375078892910000017e-01 2.565948830840000250e-01 2.672604095109999967e-01 2.687349370479999999e-01 2.608948435460000104e-01 2.442590107300000035e-01 2.199594409520000127e-01 1.896531557729999873e-01 1.554070170190000044e-01 1.195676806590000030e-01 8.460199117800000501e-02 5.293733779499999736e-02 2.683188600299999879e-02 8.362400250000000604e-03 3.511916259999999846e-04 -0.000000000000000000e+00 -0.000000000000000000e+00 -0.000000000000000000e+00
6.400000000000000000e+01 2.346322047200000149e-02 6.879053603899999703e-02 1.094301559610000030e-01 1.433276942379999863e-01 1.762131506859999919e-01 2.077285158380000052e-01 2.344499752399999970e-01 2.543200478550000088e-01 2.659009944910000200e-01 2.683703973220000205e-01 2.615353087830000200e-01 2.458543581590000027e-01 2.223919036779999914e-01 1.927462528820000076e-01 1.589415887199999988e-01 1.232904255119999931e-01 8.824452516200000096e-02 5.622871086700000076e-02 2.950881569600000143e-02 1.013803945499999921e-02 7.153517860000000329e-04 -0.000000000000000000e+00 -0.000000000000000000e+00 -0.000000000000000000e+00
6.500000000000000000e+01 2.262012209299999951e-02 6.631880742100000614e-02 1.054973704339999957e-01 1.387278315159999886e-01 1.721316854890000136e-01 2.040684541860000034e-01 2.313722057260000076e-01 2.520039260579999829e-01 2.644851641989999780e-01 2.679357442099999931e-01 2.621033582869999878e-01 2.473776264889999965e-01 2.247572553820000041e-01 1.957847147769999907e-01 1.624388750840000117e-01 1.269976436090000105e-01 9.189695852199999959e-02 5.955659008900000134e-02 3.225115514699999908e-02 1.202532247999999956e-02 1.240022618000000045e-03 -0.000000000000000000e+00 -0.000000000000000000e+00 -0.000000000000000000e+00
6.600000000000000000e+01 2.177000310500000133e-02 6.382654432900000674e-02 1.015340829400000061e-01 1.342615881760000074e-01 1.681045034950000017e-01 2.004153862439999878e-01 2.282777351680000122e-01 2.496451106149999988e-01 2.630101078509999857e-01 2.674305204929999791e-01 2.625957721289999824e-01 2.488242805039999894e-01 2.270555680980000102e-01 1.987690714739999975e-01 1.658978034520000033e-01 1.306891502589999920e-01 9.555544644199999438e-02 6.291723779800000027e-02 3.505558210399999791e-02 1.401460252700000020e-02 1.941079157000000091e-03 -0.000000000000000000e+00 -0.000000000000000000e+00 -0.000000000000000000e+00
6.700000000000000000e+01 2.091325662399999910e-02 6.131495634399999894e-02 9.753751992999999676e-02 1.299459802319999913e-01 1.641251449599999968e-01 1.967724887320000116e-01 2.251621382000000005e-01 2.472479751849999963e-01 2.614762696390000030e-01 2.668562310950000072e-01 2.630114845770000209e-01 2.501963553989999811e-01 2.292821084270000032e-01 2.016950890009999997e-01 1.693169872680000132e-01 1.343623603119999954e-01 9.922025912800000458e-02 6.631015984599999968e-02 3.791821901999999772e-02 1.609827471999999982e-02 2.832143639000000122e-03 -0.000000000000000000e+00 -0.000000000000000000e+00 -0.000000000000000000e+00
6.800000000000000000e+01 2.005031486900000007e-02 5.878451376200000134e-02 9.351583801200000212e-02 1.257900926580000078e-01 1.601870406969999883e-01 1.931335991750000036e-01 2.220263093460000114e-01 2.448055912529999989e-01 2.598812149540000171e-01 2.662102574019999945e-01 2.633509989830000175e-01 2.514919964030000177e-01 2.314412573319999944e-01 2.045650970419999881e-01 1.726981505319999943e-01 1.380135071090000110e-01 1.028871501640000047e-01 6.972807996600000058e-02 4.083580924900000186e-02 1.826957133100000005e-02 3.921062793999999761e-03 3.439411000000000145e-06 -0.000000000000000000e+00 -0.000000000000000000e+00
6.900000000000000000e+01 1.918106259600000155e-02 5.623610315900000323e-02 8.951232531599999376e-02 1.217597607709999946e-01 1.562894078650000074e-01 1.895013728399999875e-01 2.188691782359999949e-01 2.423218422120000104e-01 2.582272690130000270e-01 2.654945377130000228e-01 2.636149960120000024e-01 2.527120001140000238e-01 2.335311977189999944e-01 2.073787885320000079e-01 1.760355298179999972e-01 1.416433219640000074e-01 1.065551967199999950e-01 7.317390116399999367e-02 4.380495520199999965e-02 2.052315774900000112e-02 5.175373563999999954e-03 5.320680100000000300e-05 -0.000000000000000000e+00 -0.000000000000000000e+00
7.000000000000000000e+01 1.830601684600000056e-02 5.367119792800000011e-02 8.556748315600000432e-02 1.178311957039999969e-01 1.524273186239999966e-01 1.858730870929999890e-01 2.156895483790000068e-01 2.397940400349999890e-01 2.565176240920000184e-01 2.647081434379999765e-01 2.638017881470000048e-01 2.538549665970000202e-01 2.355502194730000054e-01 2.101289454309999971e-01 1.793297985520000137e-01 1.452504992429999864e-01 1.102218368010000060e-01 7.664163638399999756e-02 4.682227471000000030e-02 2.285429582999999945e-02 6.563929837000000156e-03 1.893008399999999980e-04 -0.000000000000000000e+00 -0.000000000000000000e+00
7.100000000000000000e+01 1.742560601800000053e-02 5.108931039100000210e-02 8.170642005299999511e-02 1.139853281129999951e-01 1.485986247699999929e-01 1.822462856060000080e-01 2.124899290470000091e-01 2.372247602989999982e-01 2.547467082420000195e-01 2.638511594219999923e-01 2.639099910609999933e-01 2.549223081520000100e-01 2.374976974340000102e-01 2.128218990649999864e-01 1.825786229090000101e-01 1.488310458219999910e-01 1.138846152670000000e-01 8.012943066899999578e-02 4.988542550800000031e-02 2.525774912400000072e-02 8.070334168999999946e-03 4.355780559999999891e-04 -0.000000000000000000e+00 -0.000000000000000000e+00
7.200000000000000000e+01 1.653976223500000162e-02 4.849153757800000325e-02 7.795011016599999454e-02 1.102146543059999984e-01 1.447998311960000117e-01 1.786232654509999906e-01 2.092675304599999897e-01 2.346141952309999945e-01 2.529163818160000132e-01 2.629226407229999785e-01 2.639455039310000251e-01 2.559117364510000159e-01 2.393742426519999966e-01 2.154536773740000077e-01 1.857829376050000036e-01 1.523869538229999931e-01 1.175438916460000011e-01 8.363786080000000511e-02 5.299155216999999751e-02 2.773062609699999959e-02 9.683602503999999209e-03 8.100169440000000139e-04 -0.000000000000000000e+00 -0.000000000000000000e+00
7.300000000000000000e+01 1.564884059500000132e-02 4.587978073500000031e-02 7.431178581099999458e-02 1.065101282539999972e-01 1.410323830699999892e-01 1.750033801639999942e-01 2.060260562640000015e-01 2.319605225090000111e-01 2.510281264770000131e-01 2.619232368150000156e-01 2.639016684100000121e-01 2.568240366499999761e-01 2.411778727649999954e-01 2.180208181780000087e-01 1.889390436620000113e-01 1.559139500270000089e-01 1.211979912959999933e-01 8.716159728099999449e-02 5.613785592400000191e-02 3.026834158599999922e-02 1.139556639400000036e-02 1.327262006000000036e-03 -0.000000000000000000e+00 -0.000000000000000000e+00
7.400000000000000000e+01 1.475304273599999973e-02 4.325393949899999924e-02 7.080678443099999719e-02 1.028699260010000061e-01 1.372920442989999934e-01 1.713830713860000077e-01 2.027620340019999912e-01 2.292661945870000106e-01 2.490815758449999862e-01 2.608550195489999779e-01 2.637822863509999838e-01 2.576605161700000202e-01 2.429080893130000085e-01 2.205287373829999953e-01 1.920485761899999866e-01 1.594098145679999912e-01 1.248401601259999938e-01 9.069961552699999652e-02 5.932262819700000189e-02 3.286819677100000225e-02 1.319883374700000014e-02 1.999530351000000129e-03 -0.000000000000000000e+00 -0.000000000000000000e+00
7.500000000000000000e+01 1.385284997099999957e-02 4.061483764200000263e-02 6.744601150500000031e-02 9.928636527299999903e-02 1.335786002519999960e-01 1.677671016629999901e-01 1.994749045030000112e-01 2.265287469929999908e-01 2.470782930400000077e-01 2.597181244910000131e-01 2.635852696489999758e-01 2.584155743209999856e-01 2.445634703189999981e-01 2.229712891029999866e-01 1.951078487139999984e-01 1.628770526159999954e-01 1.284764562609999883e-01 9.425191743100000408e-02 6.254267340100000405e-02 3.552616481299999962e-02 1.508766235099999985e-02 2.836994984000000206e-03 0.000000000000000000e+00 -0.000000000000000000e+00
7.600000000000000000e+01 1.294844328700000061e-02 3.797886712199999987e-02 6.422465476399999429e-02 9.576033294800000151e-02 1.298926594020000103e-01 1.641505821510000074e-01 1.961671458460000073e-01 2.237514845080000037e-01 2.450147447849999882e-01 2.585076667380000193e-01 2.633117956909999946e-01 2.590961511270000184e-01 2.461470343830000074e-01 2.253500456950000008e-01 1.981199720830000011e-01 1.663126849990000100e-01 1.320992178700000075e-01 9.781395430900000076e-02 6.579668281099999849e-02 3.824199986500000092e-02 1.705793737399999982e-02 3.833470709000000049e-03 1.556848199999999918e-05 -0.000000000000000000e+00
7.700000000000000000e+01 1.204020311200000061e-02 3.538717624099999709e-02 6.110989187699999992e-02 9.228632176699999579e-02 1.262318780549999964e-01 1.605355258470000102e-01 1.928398526039999950e-01 2.209314765919999923e-01 2.428970379500000054e-01 2.572317262320000242e-01 2.629624332639999840e-01 2.596947908230000102e-01 2.476560777600000096e-01 2.276624853789999958e-01 2.010763873639999921e-01 1.697132215040000058e-01 1.357103373250000133e-01 1.013848630579999993e-01 6.908137935699999732e-02 4.100932493900000253e-02 1.910451253799999929e-02 4.955589487999999612e-03 8.725595000000000269e-05 -0.000000000000000000e+00
7.800000000000000000e+01 1.112818936599999954e-02 3.286420409000000153e-02 5.808791156999999761e-02 8.886292857800000278e-02 1.225953117799999936e-01 1.569229243630000104e-01 1.894910568329999934e-01 2.180721472269999961e-01 2.407186368450000002e-01 2.558843770820000141e-01 2.625351049719999996e-01 2.602180989860000127e-01 2.490907386039999949e-01 2.299086675700000026e-01 2.039844524760000000e-01 1.730802499029999997e-01 1.393069970370000021e-01 1.049646659329999954e-01 7.239626810999999496e-02 4.382920911000000308e-02 2.122426778200000100e-02 6.187144680000000209e-03 2.382067580000000095e-04 -0.000000000000000000e+00
7.900000000000000000e+01 1.021273568100000001e-02 3.042680676899999978e-02 5.514963092200000222e-02 8.548911136700000635e-02 1.189849887879999984e-01 1.533130065109999940e-01 1.861208977569999978e-01 2.151739929840000010e-01 2.384873365949999879e-01 2.544681350820000021e-01 2.620316363810000215e-01 2.606585895199999836e-01 2.504473365920000250e-01 2.320881444229999924e-01 2.068373511019999944e-01 1.764122330189999976e-01 1.428873366489999963e-01 1.085495459810000007e-01 7.573887445099999893e-02 4.669675976999999867e-02 2.341386039100000135e-02 7.517693974000000216e-03 4.844318950000000125e-04 -0.000000000000000000e+00
8.000000000000000000e+01 9.294253618999999411e-03 2.808791526299999827e-02 5.228781079699999779e-02 8.216217586000000572e-02 1.153987668299999991e-01 1.497046559330000026e-01 1.827348193420000044e-01 2.122356327609999926e-01 2.361958888100000042e-01 2.529846014220000217e-01 2.614505846449999837e-01 2.610234748220000012e-01 2.517300119950000026e-01 2.342047081120000040e-01 2.096361448400000105e-01 1.797050888170000082e-01 1.464497664540000132e-01 1.121371374229999940e-01 7.910670558700000354e-02 4.961228236100000133e-02 2.567031418899999931e-02 8.940216331000000807e-03 8.382435680000000248e-04 -0.000000000000000000e+00
8.100000000000000000e+01 8.372861517999999337e-03 2.585759949200000171e-02 4.949918754799999959e-02 7.888260512399999924e-02 1.118362799810000002e-01 1.460984107009999922e-01 1.793275098219999919e-01 2.092594344850000065e-01 2.338510324670000085e-01 2.514301807389999754e-01 2.607942108499999856e-01 2.613077293550000180e-01 2.529360892570000074e-01 2.362496833540000118e-01 2.123793472409999938e-01 1.829608449869999931e-01 1.499956978370000082e-01 1.157281067400000030e-01 8.249905196100000560e-02 5.257193082500000170e-02 2.799128881000000069e-02 1.044884451099999979e-02 1.309609033000000075e-03 -0.000000000000000000e+00
8.200000000000000000e+01 7.448997584000000005e-03 2.374651217000000106e-02 4.678059738499999731e-02 7.564960046099999946e-02 1.082995178919999996e-01 1.424950175180000056e-01 1.759027399929999902e-01 2.062437322289999986e-01 2.314521531339999993e-01 2.498081767800000019e-01 2.600635539980000188e-01 2.615149564370000124e-01 2.540673339539999964e-01 2.382229536840000106e-01 2.150690301010000083e-01 1.861751646600000032e-01 1.535198943080000045e-01 1.193216459819999992e-01 8.591428020600000437e-02 5.557482598400000084e-02 3.037395177199999838e-02 1.203900258600000030e-02 1.906819041999999968e-03 -0.000000000000000000e+00
8.300000000000000000e+01 6.524842694000000144e-03 2.175842775299999948e-02 4.412857523699999923e-02 7.246231059900000437e-02 1.047886267269999977e-01 1.388958686700000056e-01 1.724591782899999870e-01 2.031926752240000023e-01 2.289981864719999871e-01 2.481211082910000087e-01 2.592547448199999938e-01 2.616419103559999848e-01 2.551179039500000023e-01 2.401297071830000018e-01 2.176974423220000010e-01 1.893534889619999939e-01 1.570236250010000056e-01 1.229141663609999990e-01 8.934896621400000016e-02 5.861790670699999761e-02 3.281651299999999855e-02 1.370660081900000084e-02 2.634395732999999986e-03 1.932011999999999791e-06
8.400000000000000000e+01 5.624387072000000369e-03 1.987730983600000112e-02 4.154187993499999787e-02 6.932189975100000456e-02 1.013013093779999985e-01 1.353009781310000048e-01 1.690002452309999903e-01 2.001040620800000058e-01 2.264916915730000035e-01 2.463658141650000022e-01 2.583706630050000008e-01 2.616898628750000122e-01 2.560940198009999946e-01 2.419677348310000087e-01 2.202735191599999864e-01 1.924855470350000097e-01 1.605033851569999948e-01 1.265051723760000080e-01 9.280435273699999543e-02 6.170112622300000238e-02 3.531552080699999763e-02 1.544892402499999963e-02 3.474426621000000198e-03 2.965095500000000146e-05
8.500000000000000000e+01 4.769412469000000078e-03 1.808636822200000022e-02 3.901977251600000085e-02 6.622592730800000438e-02 9.784108500200000558e-02 1.317101684380000137e-01 1.655251343149999887e-01 1.969817930509999981e-01 2.239302446520000101e-01 2.445426624560000095e-01 2.574111521149999859e-01 2.616571578340000093e-01 2.569922389950000108e-01 2.437343923949999991e-01 2.227861861540000044e-01 1.955781585270000011e-01 1.639620552930000086e-01 1.300925725829999990e-01 9.627701951700000371e-02 6.482241863099999502e-02 3.787231178799999737e-02 1.726283072099999913e-02 4.409504225000000256e-03 1.046116059999999961e-04
8.600000000000000000e+01 3.972120814999999770e-03 1.637813323199999865e-02 3.656088186700000298e-02 6.317583255799999464e-02 9.440675618400000413e-02 1.281258290629999907e-01 1.620343616300000122e-01 1.938206870130000092e-01 2.213182254199999865e-01 2.426552496040000062e-01 2.563763274599999975e-01 2.615454546629999988e-01 2.578116342830000240e-01 2.454278507469999926e-01 2.252410301190000130e-01 1.986243477000000091e-01 1.673927475199999959e-01 1.336754272150000034e-01 9.976611660299999906e-02 6.797991382800000482e-02 4.048219606100000173e-02 1.914724455399999942e-02 5.431820874000000375e-03 2.385728329999999974e-04
8.700000000000000000e+01 3.240704858000000108e-03 1.474877805300000080e-02 3.416297097499999824e-02 6.017193495099999734e-02 9.100029609800000530e-02 1.245478113549999960e-01 1.585288304759999989e-01 1.906276348710000124e-01 2.186547773889999935e-01 2.407011661629999966e-01 2.552649775329999815e-01 2.613549584550000082e-01 2.585535778979999866e-01 2.470536334329999917e-01 2.276369405439999938e-01 2.016286577040000139e-01 1.707977766040000012e-01 1.372512929420000027e-01 1.032717584060000027e-01 7.117350517199999560e-02 4.314539815400000172e-02 2.109886653299999915e-02 6.536058219999999960e-03 4.395228270000000269e-04
8.800000000000000000e+01 2.580871051999999999e-03 1.319506046500000009e-02 3.182833914799999830e-02 5.721439223299999710e-02 8.762084074499999764e-02 1.209781883019999948e-01 1.550093474629999912e-01 1.873994521300000049e-01 2.159390837519999939e-01 2.386848258890000019e-01 2.540822296740000152e-01 2.610843185030000124e-01 2.592171567920000252e-01 2.486061705269999866e-01 2.299702816280000117e-01 2.045862234810000013e-01 1.741773198519999954e-01 1.408211492860000080e-01 1.067877761240000056e-01 7.440060040599999480e-02 4.586055823900000300e-02 2.311692673699999867e-02 7.718430592999999881e-03 7.129376960000000053e-04
8.900000000000000000e+01 1.996590348999999816e-03 1.171521746799999986e-02 2.955623572500000115e-02 5.430331076400000262e-02 8.427143782300000607e-02 1.174148003700000026e-01 1.514789374459999949e-01 1.841404372269999923e-01 2.131754125670000111e-01 2.366008825300000007e-01 2.528223666039999817e-01 2.607371861459999995e-01 2.598012669479999870e-01 2.500837776109999799e-01 2.322424012890000056e-01 2.074958602900000004e-01 1.775293559620000072e-01 1.443837590170000129e-01 1.103203632850000004e-01 7.765899189300000394e-02 4.862554098800000307e-02 2.519978031700000065e-02 8.976739815000000719e-03 1.062501353000000091e-03
9.000000000000000000e+01 1.490149671999999991e-03 1.030930264800000024e-02 2.734608552899999920e-02 5.144065777699999981e-02 8.094997270300000047e-02 1.138617028079999954e-01 1.479358126289999908e-01 1.808498044659999915e-01 2.103592520900000040e-01 2.344532911489999871e-01 2.514892277379999763e-01 2.603092122680000231e-01 2.603082253080000186e-01 2.514915237490000233e-01 2.344535136869999870e-01 2.103603823419999963e-01 1.808500080269999921e-01 1.479367547859999910e-01 1.138621181529999998e-01 8.094920461099999742e-02 5.144055291300000249e-02 2.734636737599999839e-02 1.030930815799999990e-02 1.490193530999999946e-03
