# 13 columns: angles [deg], flux factor slices 0, ..., 11
0.000000000000000000e+00 2.104467377429999897e-01 5.749511218110000543e-01 7.853982528130000196e-01 7.853977693029999818e-01 5.749510820880000539e-01 2.104469122969999939e-01 0.000000000000000000e+00 -0.000000000000000000e+00 -0.000000000000000000e+00 -0.000000000000000000e+00 -0.000000000000000000e+00 -0.000000000000000000e+00
1.000000000000000000e+00 2.104147680929999986e-01 5.748640518809999822e-01 7.852796282770000413e-01 7.852782966360000172e-01 5.748645252459999577e-01 2.106525539369999978e-01 2.392397489999999931e-04 -0.000000000000000000e+00 -0.000000000000000000e+00 -0.000000000000000000e+00 -0.000000000000000000e+00 -0.000000000000000000e+00
2.000000000000000000e+00 2.103177775149999984e-01 5.746010536860000073e-01 7.849194722760000076e-01 7.849212311400000086e-01 5.746007637940000468e-01 2.112774115920000029e-01 9.568247270000000216e-04 -0.000000000000000000e+00 -0.000000000000000000e+00 -0.000000000000000000e+00 -0.000000000000000000e+00 -0.000000000000000000e+00
3.000000000000000000e+00 2.101592748099999908e-01 5.741630836679999517e-01 7.843230479349999618e-01 7.843219987859999520e-01 5.741633813240000217e-01 2.123110771349999981e-01 2.152786070000000003e-03 -0.000000000000000000e+00 -0.000000000000000000e+00 -0.000000000000000000e+00 -0.000000000000000000e+00 -0.000000000000000000e+00
4.000000000000000000e+00 2.099343866230000133e-01 5.735512867969999595e-01 7.834854543060000287e-01 7.834856675260000181e-01 5.735508066490000445e-01 2.137600662119999995e-01 3.826399436999999848e-03 -0.000000000000000000e+00 -0.000000000000000000e+00 -0.000000000000000000e+00 -0.000000000000000000e+00 -0.000000000000000000e+00
5.000000000000000000e+00 2.096465034090000124e-01 5.727612131379999916e-01 7.824078464239999642e-01 7.824086898750000074e-01 5.727655265759999947e-01 2.156252901469999927e-01 5.977328554000000023e-03 -0.000000000000000000e+00 -0.000000000000000000e+00 -0.000000000000000000e+00 -0.000000000000000000e+00 -0.000000000000000000e+00
6.000000000000000000e+00 2.092943158720000085e-01 5.718008888740000462e-01 7.810951343019999493e-01 7.810960647629999754e-01 5.718013713630000217e-01 2.178984473950000000e-01 8.604728242000000624e-03 -0.000000000000000000e+00 -0.000000000000000000e+00 -0.000000000000000000e+00 -0.000000000000000000e+00 -0.000000000000000000e+00
7.000000000000000000e+00 2.088790639370000091e-01 5.706664286679999920e-01 7.795456828360000090e-01 7.795434308609999752e-01 5.706652582840000543e-01 2.205847645050000028e-01 1.170838741699999942e-02 -0.000000000000000000e+00 -0.000000000000000000e+00 -0.000000000000000000e+00 -0.000000000000000000e+00 -0.000000000000000000e+00
8.000000000000000000e+00 2.083989379550000021e-01 5.693580167380000168e-01 7.777531216740000142e-01 7.777583874429999655e-01 5.693561811209999490e-01 2.236870125440000023e-01 1.528706120500000071e-02 -0.000000000000000000e+00 -0.000000000000000000e+00 -0.000000000000000000e+00 -0.000000000000000000e+00 -0.000000000000000000e+00
9.000000000000000000e+00 2.078574354970000038e-01 5.678727333169999447e-01 7.757297520949999470e-01 7.757265128460000270e-01 5.678741655869999905e-01 2.271959447440000113e-01 1.933865544300000100e-02 -0.000000000000000000e+00 -0.000000000000000000e+00 -0.000000000000000000e+00 -0.000000000000000000e+00 -0.000000000000000000e+00
1.000000000000000000e+01 2.072494812050000024e-01 5.662167078459999781e-01 7.734637983569999653e-01 7.734641032969999941e-01 5.662164832239999779e-01 2.311149959300000112e-01 2.386379448799999872e-02 -0.000000000000000000e+00 -0.000000000000000000e+00 -0.000000000000000000e+00 -0.000000000000000000e+00 -0.000000000000000000e+00
1.100000000000000000e+01 2.065799764540000028e-01 5.643856515670000462e-01 7.709670083830000298e-01 7.709690254740000359e-01 5.643887638369999848e-01 2.354396177289999892e-01 2.885985296900000011e-02 -0.000000000000000000e+00 -0.000000000000000000e+00 -0.000000000000000000e+00 -0.000000000000000000e+00 -0.000000000000000000e+00
1.200000000000000000e+01 2.058485426030000065e-01 5.623884402709999897e-01 7.682343260239999916e-01 7.682341279030000525e-01 5.623883906459999915e-01 2.401749738570000126e-01 3.432583898799999866e-02 -0.000000000000000000e+00 -0.000000000000000000e+00 -0.000000000000000000e+00 -0.000000000000000000e+00 -0.000000000000000000e+00
1.300000000000000000e+01 2.050515842079999873e-01 5.602162338970000377e-01 7.652703081380000105e-01 7.652658770729999782e-01 5.602175643169999830e-01 2.453118716430000013e-01 4.025916700499999890e-02 -0.000000000000000000e+00 -0.000000000000000000e+00 -0.000000000000000000e+00 -0.000000000000000000e+00 -0.000000000000000000e+00
1.400000000000000000e+01 2.041973926229999903e-01 5.578723979680000333e-01 7.620682933479999699e-01 7.620712898510000333e-01 5.578706051420000422e-01 2.508528467489999914e-01 4.665947197099999666e-02 -0.000000000000000000e+00 -0.000000000000000000e+00 -0.000000000000000000e+00 -0.000000000000000000e+00 -0.000000000000000000e+00
1.500000000000000000e+01 2.032768188469999959e-01 5.553615178530000307e-01 7.586361156719999554e-01 7.586361607820000241e-01 5.553588675170000322e-01 2.567981194010000023e-01 5.352331248500000194e-02 0.000000000000000000e+00 -0.000000000000000000e+00 -0.000000000000000000e+00 -0.000000000000000000e+00 -0.000000000000000000e+00
1.600000000000000000e+01 2.022935400460000033e-01 5.526799758039999677e-01 7.549719904589999864e-01 7.549727683539999568e-01 5.527350597810000155e-01 2.630865549999999997e-01 6.079304197100000168e-02 5.690249300000000028e-05 -0.000000000000000000e+00 -0.000000000000000000e+00 -0.000000000000000000e+00 -0.000000000000000000e+00
1.700000000000000000e+01 2.012509316009999938e-01 5.498293343710000114e-01 7.510811083070000338e-01 7.510828748669999833e-01 5.501434897820000058e-01 2.695769157760000145e-01 6.832379328200000046e-02 3.130240390000000239e-04 -0.000000000000000000e+00 -0.000000000000000000e+00 -0.000000000000000000e+00 -0.000000000000000000e+00
1.800000000000000000e+01 2.001466954820000088e-01 5.468103567100000006e-01 7.469559744910000409e-01 7.469547297499999905e-01 5.476505722600000237e-01 2.761897766290000167e-01 7.604163565499999500e-02 8.397985290000000531e-04 -0.000000000000000000e+00 -0.000000000000000000e+00 -0.000000000000000000e+00 -0.000000000000000000e+00
1.900000000000000000e+01 1.989819488669999914e-01 5.436296833820000174e-01 7.426114159869999787e-01 7.426063196919999720e-01 5.453080511900000316e-01 2.828806296340000137e-01 8.389885762800000646e-02 1.680769031000000019e-03 -0.000000000000000000e+00 -0.000000000000000000e+00 -0.000000000000000000e+00 -0.000000000000000000e+00
2.000000000000000000e+01 1.977550046459999877e-01 5.402779092630000113e-01 7.380332616060000239e-01 7.380311980989999743e-01 5.431442185100000541e-01 2.896197369699999857e-01 9.186703832199999420e-02 2.866190970999999820e-03 -0.000000000000000000e+00 -0.000000000000000000e+00 -0.000000000000000000e+00 -0.000000000000000000e+00
2.100000000000000000e+01 1.964692918439999991e-01 5.367643170239999595e-01 7.332341265449999756e-01 7.332314017159999864e-01 5.411837365989999871e-01 2.963811607929999759e-01 9.991373534700000170e-02 4.417625363000000395e-03 -0.000000000000000000e+00 -0.000000000000000000e+00 -0.000000000000000000e+00 -0.000000000000000000e+00
2.200000000000000000e+01 1.951214011999999887e-01 5.330832936539999789e-01 7.282083280790000446e-01 7.282075527920000013e-01 5.394384183839999736e-01 3.031508861839999902e-01 1.080260499590000034e-01 6.352625637999999818e-03 -0.000000000000000000e+00 -0.000000000000000000e+00 -0.000000000000000000e+00 -0.000000000000000000e+00
2.300000000000000000e+01 1.937181239209999906e-01 5.292471502100000169e-01 7.229623651340000290e-01 7.229641390859999905e-01 5.379317579529999671e-01 3.099000457159999944e-01 1.161866366719999932e-01 8.684003298999999274e-03 -0.000000000000000000e+00 -0.000000000000000000e+00 -0.000000000000000000e+00 -0.000000000000000000e+00
2.400000000000000000e+01 1.922534183119999907e-01 5.252452029109999643e-01 7.174996584380000098e-01 7.174998392789999624e-01 5.366655285039999557e-01 3.166334137249999792e-01 1.243827833229999985e-01 1.142113801200000077e-02 -0.000000000000000000e+00 -0.000000000000000000e+00 -0.000000000000000000e+00 -0.000000000000000000e+00
2.500000000000000000e+01 1.907288772300000101e-01 5.210833386700000069e-01 7.118155675939999982e-01 7.118116126739999494e-01 5.356531105480000221e-01 3.233326105170000186e-01 1.325994353790000135e-01 1.457322667299999937e-02 -0.000000000000000000e+00 -0.000000000000000000e+00 -0.000000000000000000e+00 -0.000000000000000000e+00
2.600000000000000000e+01 1.891482302609999999e-01 5.167605848109999567e-01 7.059120567790000411e-01 7.059084988799999572e-01 5.349067410619999796e-01 3.299773828309999768e-01 1.408289363859999976e-01 1.814530795100000038e-02 -0.000000000000000000e+00 -0.000000000000000000e+00 -0.000000000000000000e+00 -0.000000000000000000e+00
2.700000000000000000e+01 1.875086336229999928e-01 5.122864375769999867e-01 6.997918037260000279e-01 6.997946215229999822e-01 5.344327669239999912e-01 3.365708781380000181e-01 1.490628638400000039e-01 2.214321093599999971e-02 -0.000000000000000000e+00 -0.000000000000000000e+00 -0.000000000000000000e+00 -0.000000000000000000e+00
2.800000000000000000e+01 1.858134386430000118e-01 5.076528661610000270e-01 6.934651048169999665e-01 6.934639409609999472e-01 5.342238351300000465e-01 3.431061536889999930e-01 1.572944195880000007e-01 2.657096349900000057e-02 -0.000000000000000000e+00 -0.000000000000000000e+00 -0.000000000000000000e+00 -0.000000000000000000e+00
2.900000000000000000e+01 1.840611876029999983e-01 5.028605515780000257e-01 6.869254439859999728e-01 6.869248212159999589e-01 5.342975396550000422e-01 3.495795380400000263e-01 1.655184841369999882e-01 3.142998204200000284e-02 -0.000000000000000000e+00 -0.000000000000000000e+00 -0.000000000000000000e+00 -0.000000000000000000e+00
3.000000000000000000e+01 1.822520922579999869e-01 4.979239425349999970e-01 6.801764928650000375e-01 6.801741039180000392e-01 5.346448110299999446e-01 3.559756971590000152e-01 1.737220049540000033e-01 3.672523799599999861e-02 0.000000000000000000e+00 -0.000000000000000000e+00 -0.000000000000000000e+00 -0.000000000000000000e+00
3.100000000000000000e+01 1.803881067560000051e-01 4.928277831819999899e-01 6.732192012530000547e-01 6.732562089420000007e-01 5.352444617549999561e-01 3.622940113109999749e-01 1.819038720449999980e-01 4.241717311700000242e-02 3.937504600000000078e-05 -0.000000000000000000e+00 -0.000000000000000000e+00 -0.000000000000000000e+00
3.200000000000000000e+01 1.784690387089999941e-01 4.875884608839999856e-01 6.660570377540000475e-01 6.662757768210000320e-01 5.359937315599999641e-01 3.685299394850000132e-01 1.900586777449999876e-01 4.840562966899999986e-02 2.194062259999999978e-04 -0.000000000000000000e+00 -0.000000000000000000e+00 -0.000000000000000000e+00
3.300000000000000000e+01 1.764960441250000012e-01 4.821959416819999733e-01 6.586896989360000454e-01 6.592817368669999789e-01 5.368285764850000419e-01 3.746771439439999796e-01 1.981865096950000127e-01 5.463644902800000175e-02 5.961720729999999899e-04 -0.000000000000000000e+00 -0.000000000000000000e+00 -0.000000000000000000e+00
3.400000000000000000e+01 1.744693124570000087e-01 4.766579638060000068e-01 6.511266186370000542e-01 6.523290254700000457e-01 5.377270605780000157e-01 3.807351343390000253e-01 2.062694494539999979e-01 6.107181571999999864e-02 1.207167003000000080e-03 -0.000000000000000000e+00 -0.000000000000000000e+00 -0.000000000000000000e+00
3.500000000000000000e+01 1.723879950509999981e-01 4.709744848829999775e-01 6.433615495300000209e-01 6.454396197880000186e-01 5.386485073850000305e-01 3.867002751870000088e-01 2.143131542939999967e-01 6.767924484500000004e-02 2.080631876999999852e-03 -0.000000000000000000e+00 -0.000000000000000000e+00 -0.000000000000000000e+00
3.600000000000000000e+01 1.702548480180000046e-01 4.651461782699999881e-01 6.354002625629999734e-01 6.386415723889999896e-01 5.395831056290000260e-01 3.925666390529999883e-01 2.223156009950000012e-01 7.443888375500000432e-02 3.239197615999999790e-03 -0.000000000000000000e+00 -0.000000000000000000e+00 -0.000000000000000000e+00
3.700000000000000000e+01 1.680700240540000112e-01 4.591775671950000248e-01 6.272470567829999677e-01 6.319499089910000089e-01 5.405099236660000361e-01 3.983379926589999953e-01 2.302664169270000061e-01 8.133346701200000473e-02 4.701606883000000042e-03 -0.000000000000000000e+00 -0.000000000000000000e+00 -0.000000000000000000e+00
3.800000000000000000e+01 1.658348259090000054e-01 4.530695733649999779e-01 6.189008180330000108e-01 6.253887278330000354e-01 5.414158227690000214e-01 4.040008983589999936e-01 2.381628799949999931e-01 8.834464930400000304e-02 6.482800539999999945e-03 -0.000000000000000000e+00 -0.000000000000000000e+00 -0.000000000000000000e+00
3.900000000000000000e+01 1.635470454050000078e-01 4.468230567820000165e-01 6.103658000320000276e-01 6.189628044189999789e-01 5.422761089369999565e-01 4.095509172460000125e-01 2.460035312059999923e-01 9.545745587499999962e-02 8.595958492999999229e-03 -0.000000000000000000e+00 -0.000000000000000000e+00 -0.000000000000000000e+00
4.000000000000000000e+01 1.612112654400000011e-01 4.404373708529999987e-01 6.016507611689999591e-01 6.127029077550000258e-01 5.430995587670000013e-01 4.149935122469999849e-01 2.537881231690000128e-01 1.026586711050000017e-01 1.105246425700000083e-02 -0.000000000000000000e+00 -0.000000000000000000e+00 -0.000000000000000000e+00
4.100000000000000000e+01 1.588265176349999974e-01 4.339198816959999871e-01 5.927460470559999806e-01 6.066087599430000088e-01 5.438564601630000439e-01 4.203309490689999817e-01 2.615042733879999748e-01 1.099365741590000028e-01 1.386082660899999944e-02 -0.000000000000000000e+00 -0.000000000000000000e+00 -0.000000000000000000e+00
4.200000000000000000e+01 1.563922152259999976e-01 4.272727150789999984e-01 5.836654597729999949e-01 6.006943391050000303e-01 5.445540434360000015e-01 4.255473967730000195e-01 2.691560839700000152e-01 1.172811947619999962e-01 1.702998735500000152e-02 -0.000000000000000000e+00 -0.000000000000000000e+00 -0.000000000000000000e+00
4.300000000000000000e+01 1.539111089119999942e-01 4.204906834939999838e-01 5.744045762099999619e-01 5.949688145370000125e-01 5.451740032070000463e-01 4.306439348939999912e-01 2.767404426300000275e-01 1.246852602360000034e-01 2.056637437899999990e-02 -0.000000000000000000e+00 -0.000000000000000000e+00 -0.000000000000000000e+00
4.400000000000000000e+01 1.513830632129999909e-01 4.135861233400000003e-01 5.649671656850000501e-01 5.894435526510000134e-01 5.457218584209999612e-01 4.356299117690000111e-01 2.842435668700000195e-01 1.321390904439999903e-01 2.447707696700000130e-02 -0.000000000000000000e+00 -0.000000000000000000e+00 -0.000000000000000000e+00
4.500000000000000000e+01 1.488081912900000026e-01 4.065504385590000269e-01 5.553631663860000289e-01 5.841247403870000188e-01 5.461866144270000056e-01 4.404854562430000064e-01 2.916779071630000164e-01 1.396317955810000011e-01 2.876483056599999852e-02 0.000000000000000000e+00 -0.000000000000000000e+00 -0.000000000000000000e+00
4.600000000000000000e+01 1.461884692769999938e-01 3.993957596320000247e-01 5.456171982349999894e-01 5.789922270649999758e-01 5.465502978420000435e-01 4.452235677629999833e-01 2.990329435910000222e-01 1.471569358550000040e-01 3.340585015699999716e-02 3.006176999999999865e-05 -0.000000000000000000e+00 -0.000000000000000000e+00
4.700000000000000000e+01 1.435245819640000031e-01 3.921155870429999801e-01 5.358068398519999498e-01 5.739631879630000544e-01 5.468336180780000166e-01 4.498373138050000275e-01 3.063091076919999822e-01 1.547134434619999999e-01 3.832506624899999909e-02 1.683754789999999967e-04 -0.000000000000000000e+00 -0.000000000000000000e+00
4.800000000000000000e+01 1.408168992609999948e-01 3.847167566420000018e-01 5.259911765129999806e-01 5.690157597970000314e-01 5.470068815719999478e-01 4.543149105409999833e-01 3.134987276830000225e-01 1.622902311759999994e-01 4.348033887399999770e-02 4.595214900000000008e-04 -0.000000000000000000e+00 -0.000000000000000000e+00
4.900000000000000000e+01 1.380657102410000059e-01 3.772000299350000141e-01 5.162016115809999750e-01 5.641153884359999537e-01 5.470821325269999980e-01 4.586620853600000269e-01 3.206016192769999829e-01 1.698813649869999887e-01 4.884483160499999976e-02 9.345096230000000384e-04 -0.000000000000000000e+00 -0.000000000000000000e+00
5.000000000000000000e+01 1.352732342550000133e-01 3.695699179260000244e-01 5.064610025479999722e-01 5.592396200650000537e-01 5.470524644430000416e-01 4.628886079960000122e-01 3.276157849040000070e-01 1.774834002440000003e-01 5.439485168699999956e-02 1.617152246000000057e-03 -0.000000000000000000e+00 -0.000000000000000000e+00
5.100000000000000000e+01 1.324376719289999949e-01 3.618284757610000235e-01 4.967968628189999847e-01 5.543762669439999957e-01 5.469122315250000144e-01 4.669770781829999939e-01 3.345344048810000026e-01 1.850851857090000108e-01 6.011167644999999837e-02 2.527651065999999853e-03 -0.000000000000000000e+00 -0.000000000000000000e+00
5.200000000000000000e+01 1.295630870210000007e-01 3.539744643359999943e-01 4.872239776980000214e-01 5.495242096539999510e-01 5.466582906229999761e-01 4.709291747189999766e-01 3.413627061260000040e-01 1.926851271989999947e-01 6.598293499500000603e-02 3.682516610999999988e-03 -0.000000000000000000e+00 -0.000000000000000000e+00
5.300000000000000000e+01 1.266506088309999889e-01 3.460148291160000111e-01 4.777637608320000062e-01 5.446551730259999724e-01 5.462962510040000330e-01 4.747450663480000110e-01 3.480936456939999757e-01 2.002849126659999868e-01 7.199084461200000451e-02 5.096146133000000085e-03 -0.000000000000000000e+00 -0.000000000000000000e+00
5.400000000000000000e+01 1.236966515969999958e-01 3.379491148389999755e-01 4.684254832490000187e-01 5.397702404549999944e-01 5.458204697149999785e-01 4.784273284730000131e-01 3.547291540690000189e-01 2.078716350089999942e-01 7.812482816900000182e-02 6.780601627000000346e-03 -0.000000000000000000e+00 -0.000000000000000000e+00
5.500000000000000000e+01 1.207075441049999948e-01 3.297807981990000248e-01 4.592329043600000271e-01 5.348604870369999542e-01 5.452224292509999515e-01 4.819666443889999985e-01 3.612651558039999822e-01 2.154381152339999994e-01 8.437659714999999616e-02 8.746492894000000573e-03 -0.000000000000000000e+00 -0.000000000000000000e+00
5.600000000000000000e+01 1.176797551640000050e-01 3.215078389439999795e-01 4.501917044029999926e-01 5.299217128280000466e-01 5.444988665729999511e-01 4.853681764189999859e-01 3.676923873929999753e-01 2.229946567290000126e-01 9.073293767199999693e-02 1.100392727600000078e-02 -0.000000000000000000e+00 -0.000000000000000000e+00
5.700000000000000000e+01 1.146190329159999938e-01 3.131413976329999738e-01 4.413204456059999781e-01 5.249471701829999670e-01 5.436594388769999675e-01 4.886285057110000274e-01 3.740069179259999932e-01 2.305165375769999969e-01 9.718765346699999308e-02 1.356055392300000058e-02 -0.000000000000000000e+00 -0.000000000000000000e+00
5.800000000000000000e+01 1.115195365270000016e-01 3.046764570420000262e-01 4.326216428469999986e-01 5.199285748290000120e-01 5.426966956119999574e-01 4.917440982929999760e-01 3.802251592959999815e-01 2.380190592160000007e-01 1.037306644159999985e-01 1.642454873900000070e-02 -0.000000000000000000e+00 -0.000000000000000000e+00
5.900000000000000000e+01 1.083878578509999968e-01 2.961219219569999894e-01 4.241100125319999803e-01 5.148687000489999832e-01 5.416075556710000516e-01 4.947176964550000222e-01 3.863345310440000069e-01 2.454864700909999975e-01 1.103557185399999946e-01 1.960111029600000027e-02 -0.000000000000000000e+00 -0.000000000000000000e+00
6.000000000000000000e+01 1.052236477860000047e-01 2.874759168920000274e-01 4.157952401930000152e-01 5.097595833250000430e-01 5.403969809769999522e-01 4.975466946150000069e-01 3.923229170479999861e-01 2.529216417660000160e-01 1.170574324020000057e-01 2.309727461799999937e-02 -0.000000000000000000e+00 -0.000000000000000000e+00
6.100000000000000000e+01 1.020265915160000064e-01 2.787644312740000241e-01 4.076651090360000063e-01 5.045937194480000221e-01 5.390530197039999916e-01 5.002309619660000317e-01 3.982080807210000017e-01 2.603144109550000196e-01 1.238240823840000004e-01 2.689521600299999912e-02 2.288835999999999985e-05 -0.000000000000000000e+00
6.200000000000000000e+01 9.879824494399999657e-02 2.700498748230000245e-01 3.996596376350000090e-01 4.993764581199999775e-01 5.375912982239999804e-01 5.027659618280000409e-01 4.039712549550000253e-01 2.676695447229999747e-01 1.306519580749999909e-01 3.093582375899999945e-02 1.284211500000000063e-04 -0.000000000000000000e+00
6.300000000000000000e+01 9.554113805800000525e-02 2.613729520260000272e-01 3.917594158139999783e-01 4.941042291759999983e-01 5.359948414370000469e-01 5.051525298640000550e-01 4.096116619380000268e-01 2.749749376549999735e-01 1.375371201720000103e-01 3.519476984199999825e-02 3.512086290000000235e-04 -0.000000000000000000e+00
6.400000000000000000e+01 9.225425697399999847e-02 2.527582659770000184e-01 3.839396798220000018e-01 4.887696378210000248e-01 5.342746099440000007e-01 5.073898920920000277e-01 4.151378921700000224e-01 2.822285797080000269e-01 1.444731514160000063e-01 3.964637382700000184e-02 7.152611370000000164e-04 -0.000000000000000000e+00
6.500000000000000000e+01 8.893877554199999813e-02 2.442251732940000086e-01 3.761996199050000045e-01 4.833764934700000016e-01 5.324224408150000087e-01 5.094821135939999746e-01 4.205385827940000265e-01 2.894358840149999779e-01 1.514550076510000065e-01 4.427621757900000038e-02 1.239962762000000043e-03 -0.000000000000000000e+00
6.600000000000000000e+01 8.559686072199999829e-02 2.357960026450000024e-01 3.685175484959999914e-01 4.779229884410000073e-01 5.304411024480000236e-01 5.114221842349999658e-01 4.258201696730000152e-01 2.965864642739999835e-01 1.584717911190000050e-01 4.907146615400000134e-02 1.941196507999999989e-03 -0.000000000000000000e+00
6.700000000000000000e+01 8.222800912300000375e-02 2.274833422320000076e-01 3.608951738830000200e-01 4.724160514349999840e-01 5.283300772240000498e-01 5.132053943319999645e-01 4.309797680990000157e-01 3.036808747709999756e-01 1.655309106629999916e-01 5.401601020699999672e-02 2.832129105000000084e-03 -0.000000000000000000e+00
6.800000000000000000e+01 7.883518264399999587e-02 2.193064636339999984e-01 3.533217733369999891e-01 4.668341364899999957e-01 5.260941497169999703e-01 5.148414951109999693e-01 4.360099468270000056e-01 3.107157552359999797e-01 1.726161820379999989e-01 5.910545193200000130e-02 3.924548834000000062e-03 -0.000000000000000000e+00
6.900000000000000000e+01 7.541742051499999988e-02 2.112733381219999984e-01 3.457899199019999759e-01 4.611898083779999991e-01 5.237183232540000288e-01 5.163297276770000277e-01 4.409071995830000090e-01 3.176806505620000110e-01 1.797289428799999922e-01 6.432721976699999622e-02 5.228565087000000208e-03 -0.000000000000000000e+00
7.000000000000000000e+01 7.197658963599999626e-02 2.033991714979999921e-01 3.382972268950000250e-01 4.554866852230000096e-01 5.212231185210000062e-01 5.176561057549999845e-01 4.456839146500000126e-01 3.245813152090000209e-01 1.868626163969999976e-01 6.967568752899999662e-02 6.752923412999999736e-03 -0.000000000000000000e+00
7.100000000000000000e+01 6.851466976799999720e-02 1.956919569739999920e-01 3.308443566970000194e-01 4.497181848790000047e-01 5.185932067709999593e-01 5.188364084840000334e-01 4.503231572649999959e-01 3.314126354279999798e-01 1.940164790549999962e-01 7.514418135299999468e-02 8.505497542999999883e-03 -0.000000000000000000e+00
7.200000000000000000e+01 6.503154779500000537e-02 1.881631171139999947e-01 3.234253817950000220e-01 4.438826116190000004e-01 5.158395280090000146e-01 5.198580440259999991e-01 4.548298310119999743e-01 3.381664697810000120e-01 2.011820680480000123e-01 8.072253652499999932e-02 1.049390125299999935e-02 -0.000000000000000000e+00
7.300000000000000000e+01 6.152879933100000032e-02 1.808216458480000066e-01 3.160360879820000024e-01 4.379867504370000275e-01 5.129506838649999789e-01 5.207292169680000082e-01 4.592017907200000026e-01 3.448540341829999800e-01 2.083563951279999993e-01 8.640570742200000265e-02 1.272260188699999954e-02 -0.000000000000000000e+00
7.400000000000000000e+01 5.800659296699999662e-02 1.736768232260000044e-01 3.086763717200000090e-01 4.320250546530000069e-01 5.099382800459999476e-01 5.214431886879999922e-01 4.634374733680000080e-01 3.514586088030000055e-01 2.155470940170000071e-01 9.219200575199999748e-02 1.519866542199999927e-02 -0.000000000000000000e+00
7.500000000000000000e+01 5.446748280799999786e-02 1.667329963020000028e-01 3.013457176939999815e-01 4.260058927889999736e-01 5.067939568139999684e-01 5.220035954299999670e-01 4.675369265789999784e-01 3.579836251319999940e-01 2.227280070969999970e-01 9.806888984200000381e-02 1.792461240499999831e-02 -0.000000000000000000e+00
7.600000000000000000e+01 5.092753958099999895e-02 1.599847555470000071e-01 2.940437269289999933e-01 4.199155240360000207e-01 5.035242537859999645e-01 5.224070859120000243e-01 4.714971483909999872e-01 3.644321459609999869e-01 2.299122712120000023e-01 1.040368057280000036e-01 2.089081588299999959e-02 1.556974500000000080e-05
7.700000000000000000e+01 4.742765367799999660e-02 1.533958496429999874e-01 2.867658073920000272e-01 4.137734020320000261e-01 5.001258131319999967e-01 5.226577745049999502e-01 4.753178640219999918e-01 3.707936178199999766e-01 2.370967328409999964e-01 1.100929055240000010e-01 2.406025050499999846e-02 8.726219000000000553e-05
7.800000000000000000e+01 4.399241941800000055e-02 1.469514333030000064e-01 2.795171852450000216e-01 4.075615992480000060e-01 4.966018216249999950e-01 5.227545812249999591e-01 4.789974613090000055e-01 3.770636264050000186e-01 2.442718923430000078e-01 1.162253494019999944e-01 2.741127442400000114e-02 2.382360579999999992e-04
7.900000000000000000e+01 4.063987074799999683e-02 1.406371562660000130e-01 2.722971124520000008e-01 4.012959671979999809e-01 4.929553654839999854e-01 5.226914796760000481e-01 4.825348972399999825e-01 3.832500915490000271e-01 2.514363073909999802e-01 1.224345448429999955e-01 3.093200599300000020e-02 4.844473379999999964e-04
8.000000000000000000e+01 3.738211051800000018e-02 1.344510937080000135e-01 2.650995417640000240e-01 3.949718912629999745e-01 4.891797618059999797e-01 5.224751293339999769e-01 4.859315676570000186e-01 3.893406039380000183e-01 2.585877304520000086e-01 1.287197082890000066e-01 3.461166903099999886e-02 8.383177800000000176e-04
8.100000000000000000e+01 3.423077639000000200e-02 1.283818423289999899e-01 2.579354144750000133e-01 3.885859794209999829e-01 4.852794269699999830e-01 5.221004252819999580e-01 4.891852301180000251e-01 3.953390512039999805e-01 2.657233909250000248e-01 1.350702784560000036e-01 3.843982196100000082e-02 1.309617933000000074e-03
8.200000000000000000e+01 3.119569207299999897e-02 1.224303071389999942e-01 2.507959818759999959e-01 3.821449816720000059e-01 4.812632835969999912e-01 5.215788792969999754e-01 4.922912154719999989e-01 4.012449794790000079e-01 2.728448600600000273e-01 1.414893644549999885e-01 4.241182994800000300e-02 1.906778313000000082e-03
8.300000000000000000e+01 2.828311204600000156e-02 1.165923024659999974e-01 2.436834004519999874e-01 3.756544987129999957e-01 4.771187840109999967e-01 5.208969500040000478e-01 4.952446862520000215e-01 4.070527388749999864e-01 2.799341699460000110e-01 1.479678342540000080e-01 4.652179419099999880e-02 2.636455911000000051e-03
8.400000000000000000e+01 2.550171132999999937e-02 1.108636533960000031e-01 2.366024845440000135e-01 3.691022253160000099e-01 4.728592822850000155e-01 5.200585432709999845e-01 4.980629246730000070e-01 4.127606054660000190e-01 2.870089454900000003e-01 1.545047851199999878e-01 5.076535802399999991e-02 3.504056828999999908e-03
8.500000000000000000e+01 2.285581471600000095e-02 1.052471196730000030e-01 2.295510309169999930e-01 3.625056648250000180e-01 4.684758166749999897e-01 5.190667491079999918e-01 5.007280921100000226e-01 4.183650793190000217e-01 2.940560881709999852e-01 1.611003233009999924e-01 5.513512621899999827e-02 4.514123031000000404e-03
8.600000000000000000e+01 2.035062666900000136e-02 9.973597982100000647e-02 2.225334963860000070e-01 3.558548323999999874e-01 4.639753054479999750e-01 5.179190142399999752e-01 5.032394871840000228e-01 4.238652231949999738e-01 3.010671344999999999e-01 1.677466788399999964e-01 5.962778464199999795e-02 5.670539474999999885e-03
8.700000000000000000e+01 1.798898827999999978e-02 9.433503862299999487e-02 2.155469396999999954e-01 3.491539033589999841e-01 4.593581297189999746e-01 5.166194159260000252e-01 5.056085618710000062e-01 4.292621173380000155e-01 3.080523745100000044e-01 1.744458414879999919e-01 6.424381163400000316e-02 6.975542922999999722e-03
8.800000000000000000e+01 1.577551574999999998e-02 8.904292814299999415e-02 2.085965305849999951e-01 3.424121322900000042e-01 4.546211395850000003e-01 5.151660906689999875e-01 5.078226995329999660e-01 4.345596041070000082e-01 3.149991535209999971e-01 1.811896897870000078e-01 6.897766581500000549e-02 8.431412965999999717e-03
8.900000000000000000e+01 1.371174274200000036e-02 8.385955703500000413e-02 2.016852961620000106e-01 3.356175079350000034e-01 4.497708000239999948e-01 5.135599156750000338e-01 5.098847403109999510e-01 4.397432351610000012e-01 3.219121317549999972e-01 1.879787756569999968e-01 7.382547792099999895e-02 1.003908476099999933e-02
9.000000000000000000e+01 1.179932563399999947e-02 7.878674491400000646e-02 1.948141391279999968e-01 3.287876858759999910e-01 4.448108193079999828e-01 5.117995875680000362e-01 5.117992421310000317e-01 4.448103435369999969e-01 3.287849593980000096e-01 1.948114743340000066e-01 7.878701221599999915e-02 1.179936750600000042e-02
